9.764575511644268957e-01 3.127584849084783514e-01 2.576472184791807063e-01 4.331310646725749364e-02 1.387314946689163601e-02
9.823339079125983364e-01 3.543309200864584452e-01 2.732511345159949756e-01 4.357376630359102720e-02 1.571719410438740180e-02
9.811558142206895372e-01 3.985493296825886045e-01 2.877210052905396220e-01 4.352150914459299719e-02 1.767860725579994616e-02
9.729486238390613329e-01 4.450698690675410352e-01 3.007836630651194998e-01 4.315745961640547745e-02 1.974213687149275684e-02
9.578884004695453758e-01 4.934548073929930223e-01 3.121835384092376819e-01 4.248942744496429780e-02 2.188836635438515948e-02
9.362956378233796562e-01 5.431748519092400862e-01 3.216909425794508559e-01 4.153162889417187642e-02 2.409381766061028871e-02
9.086239198066503597e-01 5.936151887140712624e-01 3.291097490845065754e-01 4.030418376134327352e-02 2.633121925135707697e-02
8.754440811986924365e-01 6.440853697111679210e-01 3.342841162987543746e-01 3.883241278627206500e-02 2.856994465251983320e-02
8.374246411900633236e-01 6.938329871211440514e-01 3.371039295106718625e-01 3.714596973408251096e-02 3.077661902029054514e-02
7.953094458493427110e-01 7.420608730714012280e-01 3.375086970380289930e-01 3.527784967345450745e-02 3.291588207003934979e-02
7.498935618922643043e-01 7.879473547885710305e-01 3.354897078802381305e-01 3.326331968718752863e-02 3.495128654374485971e-02
7.019985082209260208e-01 8.306688992881049449e-01 3.310903434202413509e-01 3.113882020797528738e-02 3.684630266927677034e-02
6.524478932905549700e-01 8.694243091354662001e-01 3.244045275983363230e-01 2.894088435563035508e-02 3.856539142116283819e-02
6.020444495122514450e-01 9.034594960541169062e-01 3.155733928889262740e-01 2.670511924317593364e-02 4.007510341313073182e-02
5.515493285250977484e-01 9.320917732425003654e-01 3.047803273705980698e-01 2.446528756919737549e-02 4.134515644183799077e-02
5.016643542230769803e-01 9.547325787177939338e-01 2.922446456286553751e-01 2.225252040847110202e-02 4.234944343504774833e-02
4.530177368823219419e-01 9.709075755797567098e-01 2.782141884206934535e-01 2.009468352796419180e-02 4.306692404683089975e-02
4.061535454958787872e-01 9.802731712368121242e-01 2.629571993926123064e-01 1.801591040710258732e-02 4.348235740728734894e-02
3.615250301805716382e-01 9.826286522944187585e-01 2.467538494949910455e-01 1.603630603718151498e-02 4.358684039449767234e-02
3.194916947580201949e-01 9.779233365553819946e-01 2.298877804990221152e-01 1.417181706870577693e-02 4.337812487857593824e-02
9.926034898177983345e-01 3.179300146945217009e-01 3.141879202352814149e-01 6.109654262018292259e-02 1.956916824520208570e-02
9.985770134069124060e-01 3.601898591585014353e-01 3.332161168370964544e-01 6.146422381644993382e-02 2.217033821377612304e-02
9.973794396787698524e-01 4.051394298049378340e-01 3.508614018572985827e-01 6.139051098441493381e-02 2.493706570056242883e-02
9.890365416135251664e-01 4.524291964585364090e-01 3.667906608773107147e-01 6.087699049768702242e-02 2.784783649019609980e-02
9.737272941647338032e-01 5.016141902958929366e-01 3.806922397356104493e-01 5.993467858882023380e-02 3.087526194566079032e-02
9.517774904770747169e-01 5.521563665962045953e-01 3.922860444764789678e-01 5.858362841595225745e-02 3.398622443987448644e-02
9.236482145654849596e-01 6.034307453752466577e-01 4.013329086351921093e-01 5.685222053532636849e-02 3.714225532283277342e-02
8.899197400869209851e-01 6.547354618267844373e-01 4.076427911294583928e-01 5.477617184153058677e-02 4.030015354448133330e-02
8.512716403426147105e-01 7.053056669446391425e-01 4.110814125659086882e-01 5.239731130211162241e-02 4.341284126318109560e-02
8.084600610581833546e-01 7.543310115115109404e-01 4.115750063580317919e-01 4.976218105602647074e-02 4.643044001688775152e-02
7.622932155509737351e-01 8.009762362154507764e-01 4.091129498754962346e-01 4.692052809680867520e-02 4.930153808211351629e-02
7.136062067173705170e-01 8.444041907743304876e-01 4.037481445490414544e-01 4.392375452028472044e-02 5.197460734273143951e-02
6.632362615581037790e-01 8.838004297792271258e-01 3.955951259348303717e-01 4.082339316475053909e-02 5.439951720868342611e-02
6.119993858398324882e-01 9.183983959394220742e-01 3.848259980395436486e-01 3.766967066310900059e-02 5.652908469032302125e-02
5.606693170100603973e-01 9.475041140781456095e-01 3.716643934696086671e-01 3.451021195666138103e-02 5.832059435857935015e-02
5.099594837739828135e-01 9.705192902117755205e-01 3.563777554128091385e-01 3.138892987438795384e-02 5.973722013511925666e-02
4.605084840017114600e-01 9.869617441759341858e-01 3.392683132999074758e-01 2.834513127183433540e-02 6.074928295749151830e-02
4.128693829857987829e-01 9.964822020005776881e-01 3.206631768653657177e-01 2.541285831947935961e-02 6.133528438022863016e-02
3.675029254326415695e-01 9.988766314513940481e-01 3.009040005962473896e-01 2.262047068851104695e-02 6.148266584976150306e-02
3.247745596379867372e-01 9.940935122899999810e-01 2.803366714720774699e-01 1.999046238343941961e-02 6.118825620210331662e-02
9.890365416135251664e-01 3.167875243581161349e-01 3.755498726322827330e-01 8.447497012810641082e-02 2.705725777679670457e-02
9.949885991797430274e-01 3.588955068975007712e-01 3.982943397170845001e-01 8.498334354400338686e-02 3.065375842920563254e-02
9.937953289660479417e-01 4.036835500136142230e-01 4.193858079598317135e-01 8.488142469529015577e-02 3.447916673834418994e-02
9.854824113366746907e-01 4.508033795775532315e-01 4.384261045810777802e-01 8.417140697716504749e-02 3.850373613227318914e-02
9.702281780937130895e-01 4.998116257737368340e-01 4.550427083184605537e-01 8.286852195390388698e-02 4.268959778577642583e-02
9.483572516351298498e-01 5.501721773600073417e-01 4.689008219292453705e-01 8.100049607060459678e-02 4.699096170095067720e-02
9.203290590576503893e-01 6.012623002350682144e-01 4.797145689376663413e-01 7.860656962693172989e-02 5.135463930245885711e-02
8.867217887887314243e-01 6.523826517633565247e-01 4.872567926020002216e-01 7.573612649100611161e-02 5.572089877477868353e-02
8.482125720640757427e-01 7.027711314448358282e-01 4.913669883139247241e-01 7.244700137216569802e-02 6.002464806694281230e-02
8.055548373786379779e-01 7.516203020746214936e-01 4.919569826256892098e-01 6.880354563350693509e-02 6.419692285772236884e-02
7.595538937127661594e-01 7.980979058682960980e-01 4.890140782717048440e-01 6.487454182167641525e-02 6.816663886608277656e-02
7.110418429973962562e-01 8.413698008665172479e-01 4.826015085091934775e-01 6.073106090604874635e-02 7.186255088101990707e-02
6.608529036347827734e-01 8.806244683925553707e-01 4.728561780717829843e-01 5.644435462672219017e-02 7.521534597718590454e-02
6.098001490522019230e-01 9.150981058006026903e-01 4.599838034546842036e-01 5.208386870242523448e-02 7.815978672100420965e-02
5.586545362501548206e-01 9.440992317329577332e-01 4.442516934608495838e-01 4.771545163000033563e-02 8.063681273949727113e-02
5.081269302079728378e-01 9.670317021920428191e-01 4.259795238277596097e-01 4.339981936418468161e-02 8.259550655462617741e-02
4.588536339765882932e-01 9.834150697412907816e-01 4.055285504055544110e-01 3.919131942294994120e-02 8.399483249061499845e-02
4.113857253930666702e-01 9.929013155363677345e-01 3.832897685546606814e-01 3.513702012163701094e-02 8.480506577973062621e-02
3.661822934649082706e-01 9.952871405384616788e-01 3.596715590269701224e-01 3.127613288324491286e-02 8.500884237169947788e-02
3.236074732392608677e-01 9.905212096485965789e-01 3.350873616867794946e-01 2.763975898253578575e-02 8.460177766517493203e-02
9.659685521593506241e-01 3.093988678589486008e-01 4.400072829709991695e-01 1.144863130287219755e-01 3.666986420753414605e-02
9.717817857333385101e-01 3.505247365367255563e-01 4.666554910890349794e-01 1.151752957882257455e-01 4.154409025195030664e-02
9.706163469935549237e-01 3.942681568681337123e-01 4.913669883139246131e-01 1.150371683263323314e-01 4.672854776023410706e-02
9.624973173431788931e-01 4.402889777648193448e-01 5.136752615788167109e-01 1.140749032836821109e-01 5.218292212391164447e-02
9.475988692272320213e-01 4.881541704348139055e-01 5.331438520257917313e-01 1.123091435280134387e-01 5.785589089597694551e-02
9.262380536489571714e-01 5.373401277325828840e-01 5.493804995694200333e-01 1.097774658524033886e-01 6.368539630919332895e-02
8.988635821662940284e-01 5.872386400188462918e-01 5.620502613950882909e-01 1.065330514207387669e-01 6.959935353326898722e-02
8.660401577145196983e-01 6.371666759143629344e-01 5.708869927693858148e-01 1.026428286613537688e-01 7.551680988696236885e-02
8.284291183249942181e-01 6.863799099208867105e-01 5.757026409148819912e-01 9.818517916618217656e-02 8.134954812780023636e-02
7.867663197541081566e-01 7.340897372549285427e-01 5.763938987557335469e-01 9.324731634634562949e-02 8.700410304524687499e-02
7.418382881988802025e-01 7.794833114611637859e-01 5.729458897342842860e-01 8.792245905891327151e-02 9.238413631284152217e-02
6.944577178962328956e-01 8.217459458552693885e-01 5.654327001323606883e-01 8.230692758946496490e-02 9.739309150071576160e-02
6.454393701904694858e-01 8.600850493769277572e-01 5.540147322939900087e-01 7.649728721654835972e-02 1.019370309459588092e-01
5.955773546299237831e-01 8.937546340824543689e-01 5.389330108146159759e-01 7.058765557383429867e-02 1.059275403735452231e-01
5.456246466469646395e-01 9.220793465164007774e-01 5.205007239780662376e-01 6.466727509148295638e-02 1.092845770875380124e-01
4.962755312209372605e-01 9.444769469636609127e-01 4.990924149886675210e-01 5.881843222416082567e-02 1.119391342055365002e-01
4.481514704626763934e-01 9.604781937985079621e-01 4.751313437558528086e-01 5.311478248125012236e-02 1.138355973459658083e-01
4.017906890362873962e-01 9.697431852629778692e-01 4.490756140328990842e-01 4.762011609405480267e-02 1.149336814509179100e-01
3.576415682959743214e-01 9.720733640036121059e-01 4.214036989019508961e-01 4.238757509081046704e-02 1.152098535603688217e-01
3.160597503130715968e-01 9.674185922457719800e-01 3.925999988770763061e-01 3.745931006680725678e-02 1.146581713597899232e-01
9.247572577157684437e-01 2.961989269133112335e-01 5.053196902491930986e-01 1.520873883478270072e-01 4.871345517952164333e-02
9.303224802339601363e-01 3.355702350730059291e-01 5.359234206715129956e-01 1.530026557342727966e-01 5.518853756885699902e-02
9.292067628220126441e-01 3.774474217975155033e-01 5.643029648439626955e-01 1.528191626652522228e-01 6.207574165094975616e-02
9.214341168305764107e-01 4.215048479270848136e-01 5.899225629108260094e-01 1.515408580944833661e-01 6.932151217231287410e-02
9.071712839535378547e-01 4.673279590569376918e-01 6.122809703167831907e-01 1.491951646872552162e-01 7.685767070425664205e-02
8.867217887887314243e-01 5.144154867897311467e-01 6.309277019163879174e-01 1.458320006929231805e-01 8.460177766517493203e-02
8.605151994301680762e-01 5.621851696461658277e-01 6.454780977144950471e-01 1.415220137208902107e-01 9.245807319270046842e-02
8.290921267876787404e-01 6.099831165406686129e-01 6.556265078288104897e-01 1.363541136993592084e-01 1.003190170792391533e-01
7.930856941062556231e-01 6.570967572709620619e-01 6.611569658994138621e-01 1.304324253162197356e-01 1.080674186348293125e-01
7.532003631924796272e-01 7.027711314448358282e-01 6.619508304819788913e-01 1.238728057388088777e-01 1.155791155959153965e-01
7.101891045312074269e-01 7.462280712251593284e-01 6.579910168195083342e-01 1.167990899666247889e-01 1.227261289571337788e-01
6.648299402352904064e-01 7.866876470558331613e-01 6.493626081786501025e-01 1.093392330389310330e-01 1.293801899773710240e-01
6.179028713355755320e-01 8.233910823350810704e-01 6.362498161984752043e-01 1.016215154517177144e-01 1.354165087717784099e-01
5.701681281383198518e-01 8.556242153404042261e-01 6.189294419198425601e-01 9.377096616891751613e-02 1.407176329058638375e-01
5.223465617461899857e-01 8.827405053453432071e-01 5.977611616769821223e-01 8.590613777357584968e-02 1.451772310264779486e-01
4.751028367304468980e-01 9.041825528351096208e-01 5.731751139319612998e-01 7.813634230182653351e-02 1.487036321185912502e-01
4.290319016493070459e-01 9.195011355259725683e-01 5.456573851079074000e-01 7.055942615786438277e-02 1.512229562062964994e-01
3.846490187887938728e-01 9.283708529513384766e-01 5.157340775119112486e-01 6.326013038561351109e-02 1.526816872920511159e-01
3.423834401267266681e-01 9.306016188467286510e-01 4.839546862978472697e-01 5.630905060538955037e-02 1.530485634168011755e-01
3.025756349111776711e-01 9.261454344746281597e-01 4.508755138888769776e-01 4.976218105602647074e-02 1.523156906142418832e-01
8.677739712655618831e-01 2.779472309598931545e-01 5.688354945079044933e-01 1.980372766694697140e-01 6.343116352849498263e-02
8.729962663114171351e-01 3.148924900001410787e-01 6.032859393737717291e-01 1.992290721405153286e-01 7.186255088101990707e-02
8.719492990978077174e-01 3.541892160611183615e-01 6.352326304581494831e-01 1.989901406415179042e-01 8.083057350999151014e-02
8.646556014025978953e-01 3.955318357780282512e-01 6.640724659458013823e-01 1.973256242164594387e-01 9.026549560978426590e-02
8.512716403426147105e-01 4.385313394738591941e-01 6.892411976983775501e-01 1.942712306910304720e-01 1.000785401260217561e-01
8.320822374139228428e-01 4.827173467712710386e-01 7.102317171558454323e-01 1.898919600252268469e-01 1.101623601550035247e-01
8.074904908433908624e-01 5.275434749822762726e-01 7.266110147545998821e-01 1.842798044632531773e-01 1.203922640798670840e-01
7.780036992461086820e-01 5.723961256091412153e-01 7.380350221646393427e-01 1.775505361295537377e-01 1.306282207640682425e-01
7.442159729878214947e-01 6.166066368283694699e-01 7.442606272858162120e-01 1.698397387161602323e-01 1.407176329058638375e-01
7.067883651334295747e-01 6.594665686983108843e-01 7.451542761206222387e-01 1.612982731074062426e-01 1.504988253209619264e-01
6.664274483347705225e-01 7.002457038687326385e-01 7.406967364555048228e-01 1.520873883478270905e-01 1.598051529379434788e-01
6.238633031972868892e-01 7.382121718270679978e-01 7.309837860386737551e-01 1.423736983019064928e-01 1.684695934123012218e-01
5.798278673040392350e-01 7.726539515758797938e-01 7.162227908620484307e-01 1.323242406205086541e-01 1.763296543163600516e-01
5.350345257800782628e-01 8.029008878404851890e-01 6.967253442792935569e-01 1.221018190429248168e-01 1.832323975234438629e-01
4.901597110824971737e-01 8.283462795551691515e-01 6.728963318893520507e-01 1.118608042302824679e-01 1.890393659804659177e-01
4.458271313355099408e-01 8.484670740090778374e-01 6.452199581067727951e-01 1.017435344670267611e-01 1.936311922739729907e-01
4.025950745317268265e-01 8.628417298713580985e-01 6.142434076469120985e-01 9.187741831496601397e-02 1.969116752041940865e-01
3.609470526376187260e-01 8.711648977621677670e-01 5.805589108775764950e-01 8.237279947677832170e-02 1.988111300817756999e-01
3.212858672428542395e-01 8.732582044800714094e-01 5.447850313608344486e-01 7.332160250021170500e-02 1.992888498283623133e-01
2.839310079746068527e-01 8.690766089564839758e-01 5.075479955629818019e-01 6.479673906248226145e-02 1.983345554878478689e-01
7.981777196495054572e-01 2.556556134852879247e-01 6.276553932425734672e-01 2.527637553026492179e-01 8.096000594594406075e-02
8.029811819439074405e-01 2.896378295796458446e-01 6.656681539237147005e-01 2.542848966952213630e-01 9.172135939149975159e-02
8.020181824408365578e-01 3.257829229284336936e-01 7.009182625209470219e-01 2.539799378311006772e-01 1.031676442296887847e-01
7.953094458493426000e-01 3.638098274250671227e-01 7.327402540436679379e-01 2.518554417289707859e-01 1.152098535603689744e-01
7.829988904830007534e-01 4.033607323178986515e-01 7.605115348060368374e-01 2.479569838697054385e-01 1.277346772935091801e-01
7.653484948981675862e-01 4.440029821581758518e-01 7.836725591648284750e-01 2.423675265837281767e-01 1.406051038171760581e-01
7.427290284819999533e-01 4.852340146400515031e-01 8.017455426102041427e-01 2.352044836503783820e-01 1.536619836931273630e-01
7.156071040451853493e-01 5.264894424162220865e-01 8.143508387504483359e-01 2.266156201643187984e-01 1.667265889741432194e-01
6.845291837687216274e-01 5.671542309417852978e-01 8.212201967075951625e-01 2.167739876021814172e-01 1.796041529592957431e-01
6.501033036681855837e-01 6.065767577944765065e-01 8.222062524587679944e-01 2.058721363983775365e-01 1.920883224437323067e-01
6.129793686343487646e-01 6.440853697111679210e-01 8.172877851014807016e-01 1.941158758566970122e-01 2.039664009353444885e-01
5.738289061526039569e-01 6.790068928515023972e-01 8.065704761918182086e-01 1.817178626384542695e-01 2.150252104116540663e-01
5.333251517546880871e-01 7.106864109413161268e-01 7.902831342068543652e-01 1.688912943023086199e-01 2.250573545838515654e-01
4.921242764381186796e-01 7.385075157606478813e-01 7.687695725176140193e-01 1.558439644778862043e-01 2.338676317410373073e-01
4.508484621696031147e-01 7.619121642139710104e-01 7.424765435371888378e-01 1.427729032833118528e-01 2.412793230084888940e-01
4.100713951218047937e-01 7.804192528874600576e-01 7.119383203817210015e-01 1.298597833809478075e-01 2.471400744647987147e-01
3.703065880890741290e-01 7.936410484434710533e-01 6.777586688868688647e-01 1.172672219663149357e-01 2.513271002540540811e-01
3.319987749440553859e-01 8.012966907965803909e-01 6.405910584440192013e-01 1.051360555987307516e-01 2.537514587180759729e-01
2.955184522272756853e-01 8.032221124362576292e-01 6.011180145979810874e-01 9.358361165354657507e-02 2.543611936081945357e-01
2.611594862109585802e-01 7.993758846280577535e-01 5.600305181731880522e-01 8.270295053660393914e-02 2.531431854370608803e-01
7.196257455219289279e-01 2.304954860579219722e-01 6.788439507510521942e-01 3.162254090210264157e-01 1.012867171717184434e-01
7.239564792039132612e-01 2.611333715680911882e-01 7.199568495129484713e-01 3.181284649337263182e-01 1.147499345972787521e-01
7.230882524690965818e-01 2.937212766270084763e-01 7.580817875636294279e-01 3.177469397367070902e-01 1.290700498384593220e-01
7.170397504221037721e-01 3.280057960073510248e-01 7.924990277859270682e-01 3.150890442324438823e-01 1.441357089419630921e-01
7.059407277793983138e-01 3.636643325950031924e-01 8.225352007450229541e-01 3.102117965842547953e-01 1.598051529379434788e-01
6.900273807029226880e-01 4.003068103552706036e-01 8.475851269440749514e-01 3.032189885594357426e-01 1.759069705693853125e-01
6.696339896293274085e-01 4.374801262196092444e-01 8.671320560647424180e-01 2.942575131346006345e-01 1.922420545863454400e-01
6.451812460706589647e-01 4.746754365363262118e-01 8.807653795800926000e-01 2.835122349373651596e-01 2.085868036336950837e-01
6.171618326021376388e-01 5.113382348565428392e-01 8.881949693597032125e-01 2.711996536550121406e-01 2.246975507363533908e-01
5.861239458975631145e-01 5.468810276185153141e-01 8.892614430791896396e-01 2.575606635558129742e-01 2.403161333799642974e-01
5.526535310165719972e-01 5.806982617376216238e-01 8.839418491612406337e-01 2.428527466952671854e-01 2.551764531473151854e-01
5.173560276443586181e-01 6.121830131983110324e-01 8.723504880417753959e-01 2.273419516594341605e-01 2.690118091925061683e-01
4.808384154165499247e-01 6.407448187485442759e-01 8.547348287176573800e-01 2.112950037353647503e-01 2.815627340290693947e-01
4.436922888260181885e-01 6.658279334534330518e-01 8.314667243261668617e-01 1.949718675111066224e-01 2.925850164535565012e-01
4.064785983360753585e-01 6.869292335489775025e-01 8.030293622602191483e-01 1.786190416573997797e-01 3.018575686032149985e-01
3.697145712878695534e-01 7.036149630002431765e-01 7.700005883837185428e-01 1.624638115771487867e-01 3.091897849022770539e-01
3.338631835555357363e-01 7.155355469126971624e-01 7.330334087723224812e-01 1.467096229309295119e-01 3.144280515248134011e-01
2.993254009099564628e-01 7.224377658047813622e-01 6.928345866405593023e-01 1.315326722565809126e-01 3.174610961398569020e-01
2.664352577931188848e-01 7.241736987289741911e-01 6.501423110366149061e-01 1.170797444331903997e-01 3.182239177904188088e-01
2.354576998806877375e-01 7.207059941241170664e-01 6.057039158602721685e-01 1.034672646375622979e-01 3.167001030660864802e-01
6.359572085879340309e-01 2.036965281157359919e-01 7.196689243620124632e-01 3.877866351584195459e-01 1.242077142373197579e-01
6.397844219980586278e-01 2.307722466643440384e-01 7.632543103651480143e-01 3.901203491100874721e-01 1.407176329058638375e-01
6.390171411522421741e-01 2.595712623526537643e-01 8.036720427879621154e-01 3.896524854654857539e-01 1.582783637834036805e-01
6.336718786989733454e-01 2.898696325521357142e-01 8.401591002669103192e-01 3.863931131165280752e-01 1.767533537226310680e-01
6.238633031972868892e-01 3.213822674623369458e-01 8.720016176252936013e-01 3.804121533316051629e-01 1.959687639605874054e-01
6.098001490522020340e-01 3.537644439161045651e-01 8.985580204967846818e-01 3.718368857632958768e-01 2.157143931893131805e-01
5.917778310049239821e-01 3.866157396599726459e-01 9.192804817329606193e-01 3.608474449975773712e-01 2.357460765558635207e-01
5.701681281383200739e-01 4.194864726330196358e-01 9.337336992344442699e-01 3.476705301859342456e-01 2.557896121313334437e-01
5.454064404324580062e-01 4.518866070415471503e-01 9.416100968648979386e-01 3.325716344951053505e-01 2.755461915541234652e-01
5.179772275229148626e-01 4.832969552829506910e-01 9.427407072116706921e-01 3.158461661214500005e-01 2.946992306095866931e-01
4.883983085494739140e-01 5.131823699535354999e-01 9.371011984133119643e-01 2.978098748341751478e-01 3.129224133000580998e-01
4.572047307009838302e-01 5.410064921123426407e-01 9.248127448158277586e-01 2.787890155230952627e-01 3.298886848706847896e-01
4.249329020717144134e-01 5.662475097426716841e-01 9.061376979457925751e-01 2.591106729152009569e-01 3.452798608219301846e-01
3.921056343935202526e-01 5.884142925595405860e-01 8.814702738038519003e-01 2.390936411047790977e-01 3.587964654059513925e-01
3.592186582500043746e-01 6.070622133570461321e-01 8.513227181733549198e-01 2.190402009565874941e-01 3.701673789849042051e-01
3.267290646473312021e-01 6.218079474988731370e-01 8.163076279712560002e-01 1.992290721405153286e-01 3.791588622931855168e-01
2.950460007656707795e-01 6.323425640226387756e-01 7.771172803837185228e-01 1.799097396944557836e-01 3.855825389797130631e-01
2.645238133942768299e-01 6.384422844495242222e-01 7.345009426345514569e-01 1.612982731074062426e-01 3.893019559904912219e-01
2.354576998806877375e-01 6.399763861178363600e-01 6.892411976983775501e-01 1.435746744055464985e-01 3.902374027719917593e-01
2.080818015315082370e-01 6.369118602105358073e-01 6.421303233633408603e-01 1.268817155682078202e-01 3.883687515893335385e-01
5.508878662875856813e-01 1.764488934609681203e-01 7.478416659139041078e-01 4.661256714456927241e-01 1.492996378638820620e-01
5.542031293286513449e-01 1.999028061111042809e-01 7.931332806754848308e-01 4.689308325421780999e-01 1.691448213415051027e-01
5.535384844401473048e-01 2.248494976329160899e-01 8.351332383287002337e-01 4.683684530383153688e-01 1.902530977214437757e-01
5.489082354424724697e-01 2.510949812689052818e-01 8.730486476588205091e-01 4.644506359015057595e-01 2.124603279599400485e-01
5.404117121599667506e-01 2.783923024917058786e-01 9.061376979457925751e-01 4.572614276027257563e-01 2.355575551132503276e-01
5.282297274672215215e-01 3.064428503138987847e-01 9.337336992344442699e-01 4.469538202983334707e-01 2.592921138831713601e-01
5.126181797081107439e-01 3.348997652961266946e-01 9.552673786918924881e-01 4.337443386109602894e-01 2.833705142530198451e-01
4.938991166288121959e-01 3.633735174704873505e-01 9.702863935308443377e-01 4.179054785077730427e-01 3.074631611655284091e-01
4.724496965707394303e-01 3.914396210867601145e-01 9.784711269908593634e-01 3.997563669761164395e-01 3.312108822419809750e-01
4.486895750253969140e-01 4.186483381016631311e-01 9.796459971243440812e-01 3.796520893422859477e-01 3.542331382470291223e-01
4.230673046268073056e-01 4.445361055468241007e-01 9.737857195551278267e-01 3.579721818250076182e-01 3.761376921881504076e-01
3.960463615338190579e-01 4.686383109788915813e-01 9.610162122181323818e-01 3.351088079642006723e-01 3.965314190749925083e-01
3.680914007680607392e-01 4.905029429974097077e-01 9.416100968648980496e-01 3.114551287772019394e-01 4.150318561044487042e-01
3.396552997174169253e-01 5.097045677664087115e-01 9.159770217943473680e-01 2.873943398096526214e-01 4.312790286889782165e-01
3.111674771537275008e-01 5.258580340061376202e-01 8.846492855774062969e-01 2.632897874440118247e-01 4.449470467339401991e-01
2.830238809264468691e-01 5.386312928174844528e-01 8.482634663452127688e-01 2.394764971336938719e-01 4.557549519436004393e-01
2.555789283045947213e-01 5.477567376439070879e-01 8.075389417263535430e-01 2.162543538418727762e-01 4.634763129632615830e-01
2.291395665859166653e-01 5.530405239199974732e-01 7.632543103651481253e-01 1.938830765132109057e-01 4.679471110629105368e-01
2.039615058004639048e-01 5.543694152090846705e-01 7.162227908620487637e-01 1.725790304313665757e-01 4.690715328959386698e-01
1.802475671491968467e-01 5.517148181458572109e-01 6.672676761520353050e-01 1.525138297745901872e-01 4.668253846065358870e-01
4.677487435447056918e-01 1.498195064131898901e-01 7.617293272358748313e-01 5.491959387295222150e-01 1.759069705693853125e-01
4.705636723476012695e-01 1.697337917780838978e-01 8.078620219147738535e-01 5.525010196895423498e-01 1.992888498283623133e-01
4.699993346111465686e-01 1.909155681957790396e-01 8.506419323494542883e-01 5.518384161075765570e-01 2.241589232261396447e-01
4.660678754458598139e-01 2.132001250824401839e-01 8.892614430791897506e-01 5.472223878730719804e-01 2.503237997916959445e-01
4.588536339765881267e-01 2.363777778961537734e-01 9.229649677192183210e-01 5.387519597412661065e-01 2.775372834626744778e-01
4.485101350857671476e-01 2.601949815459468351e-01 9.510734356665299094e-01 5.266073892608766904e-01 3.055016803678048953e-01
4.352546573452206746e-01 2.843572240687234909e-01 9.730070025078341178e-01 5.110437888418585262e-01 3.338711963680943695e-01
4.193606455662334809e-01 3.085337627413100026e-01 9.883049253041517046e-01 4.923822171335323628e-01 3.622574978488864450e-01
4.011483379517316594e-01 3.323641745294214078e-01 9.966416519085502523e-01 4.709986741207199956e-01 3.902374027719918703e-01
3.809740562522656582e-01 3.554665951417142478e-01 9.978383397599488447e-01 4.473115264179424733e-01 4.173625543628690648e-01
3.592186582500042080e-01 3.774474217975153922e-01 9.918692349431432742e-01 4.217679490311988522e-01 4.431708133820188023e-01
3.362756730172522524e-01 3.979121606262709387e-01 9.788625937297840141e-01 3.948299946570795749e-01 4.671989943381877897e-01
3.125396305769950756e-01 4.164770170709221064e-01 9.590961005454060606e-01 3.669608912343463869e-01 4.889964740817643318e-01
2.883950607802709398e-01 4.327807630950309958e-01 9.329870109901778896e-01 3.386121252403551662e-01 5.081391254006393243e-01
2.642065751991893863e-01 4.464963738389075010e-01 9.010775085914429772e-01 3.102117965842547953e-01 5.242429799201587803e-01
2.403103658619737959e-01 4.573419126964644033e-01 8.640159929418780305e-01 2.821546370511795465e-01 5.369770085543461580e-01
2.170073619457219827e-01 4.650901598680903803e-01 8.225352007450231762e-01 2.547939753976213861e-01 5.460744266397093982e-01
1.945581867490048800e-01 4.695765255026347340e-01 7.774281894735446397e-01 2.284358162020827532e-01 5.513419849606051582e-01
1.731799589498474734e-01 4.707048626267882896e-01 7.295232794600107207e-01 2.033350841390585695e-01 5.526667948604817582e-01
1.530448902953568668e-01 4.684508931405663157e-01 6.796590524551638923e-01 1.796939774900367659e-01 5.500203507920862211e-01
3.892926128556656873e-01 1.246900775539175887e-01 7.605115348060370595e-01 6.342576621051473351e-01 2.031521648893427623e-01
3.916353898354121288e-01 1.412641128449647343e-01 8.065704761918183197e-01 6.380746475832629327e-01 2.301555256729835852e-01
3.911657092323331253e-01 1.588930411967112433e-01 8.492819934988958819e-01 6.373094172361989385e-01 2.588775782179247864e-01
3.878936790410996704e-01 1.774397791547787928e-01 8.878397624180838221e-01 6.319784395836672841e-01 2.890949783650017535e-01
3.818894920708442164e-01 1.967298128496522414e-01 9.214894045362008734e-01 6.221960767418422966e-01 3.205233981942169907e-01
3.732809222674012273e-01 2.165521246520940024e-01 9.495529348944545811e-01 6.081705052891797081e-01 3.528190357844356861e-01
3.622488037732674582e-01 2.366616014897265363e-01 9.714514360888110156e-01 5.901963504938237959e-01 3.855825389797130631e-01
3.490207161309340500e-01 2.567829765645858742e-01 9.867249017795564070e-01 5.686443978877797623e-01 4.183654274596769196e-01
3.338631835555357363e-01 2.766162810864047361e-01 9.950483002867090976e-01 5.439488838783238522e-01 4.506789750134094219e-01
3.170727614674841432e-01 2.958437013789630421e-01 9.962430749684892950e-01 5.165929734201036849e-01 4.820053815270427533e-01
2.989664258569731947e-01 3.141376541894347341e-01 9.902835130830096588e-01 4.870931018212770747e-01 5.118109297369535238e-01
2.798716986316646116e-01 3.311698146388269981e-01 9.772976658559666685e-01 4.559828863984377034e-01 5.395606940799940743e-01
2.601169347590866487e-01 3.466207625512885415e-01 9.575627737730610933e-01 4.237973017366860606e-01 5.647342570417442920e-01
2.400221663772142411e-01 3.601898591585014353e-01 9.314954253593032973e-01 3.910577623939338054e-01 5.868418008449464152e-01
2.198908482650129836e-01 3.716049319237039739e-01 8.996369373420182169e-01 3.582586741521189833e-01 6.054398865155367071e-01
2.000027825061757858e-01 3.806313338498535925e-01 8.626346727040430373e-01 3.258559064770220060e-01 6.201462138226608856e-01
1.806084230190797835e-01 3.870799570222759334e-01 8.212201967075951625e-01 2.942575131346006345e-01 6.306526773980540845e-01
1.619246784032071784e-01 3.908138184686202887e-01 7.761852989479575138e-01 2.638168939497031462e-01 6.367360967935846716e-01
1.441322497264593827e-01 3.917528980777179592e-01 7.283569755048505678e-01 2.348284573777749407e-01 6.382660986937684910e-01
1.273744634262044262e-01 3.898769899481979162e-01 6.785724674710279514e-01 2.075257190008770458e-01 6.352097624950787669e-01
3.175804839555084746e-01 1.017207464676572887e-01 7.442606272858163230e-01 7.179897398058590063e-01 2.299714748825773813e-01
3.194916947580201949e-01 1.152416558684682263e-01 7.893353632221293825e-01 7.223106279464592827e-01 2.605397078599754890e-01
3.191085346663446454e-01 1.296231350249720526e-01 8.311342041449063522e-01 7.214443750486125850e-01 2.930535271885214010e-01
3.164392496675198507e-01 1.447533528149071158e-01 8.688680555977384978e-01 7.154096237380047629e-01 3.272601037353451980e-01
3.115411022565388599e-01 1.604899428092498859e-01 9.017986590200263164e-01 7.043358337451859352e-01 3.628375737824419134e-01
3.045183289645219116e-01 1.766607592271569604e-01 9.292625169003876362e-01 6.884586642609391571e-01 3.993967480986068685e-01
2.955184522272756853e-01 1.930658416132317312e-01 9.506930823679944353e-01 6.681116357648003712e-01 4.364855537051930967e-01
2.847271288460234140e-01 2.094806304458503854e-01 9.656401786782716767e-01 6.437144833637366004e-01 4.735963037617083593e-01
2.723617862427946679e-01 2.256604145991435717e-01 9.737857195551278267e-01 6.157587695625500457e-01 5.101757524408201405e-01
2.586643509551703191e-01 2.413459252923314813e-01 9.749549638248464767e-01 5.847914447582124309e-01 5.456377417956250753e-01
2.438934083892015658e-01 2.562699238352035835e-01 9.691227481854520764e-01 5.513971219159029546e-01 5.793780954130751670e-01
2.283161471904121553e-01 2.701645665273610941e-01 9.564143876140350775e-01 5.161798643070455439e-01 6.107912690658841015e-01
2.122004356050854468e-01 2.827692740239048375e-01 9.371011984133120754e-01 4.797452716525548722e-01 6.392881418681823913e-01
1.958073522098581210e-01 2.938387886384947745e-01 9.115908672819778014e-01 4.426835935073576422e-01 6.643142323222167578e-01
1.793844519605140020e-01 3.031510751125884862e-01 8.804131438800971710e-01 4.055545050633205251e-01 6.853675604715271374e-01
1.631599942131683745e-01 3.105147110959568524e-01 8.442015580854400625e-01 3.688740577908118379e-01 7.020153563873001712e-01
1.473382964246139626e-01 3.157754245035957474e-01 8.036720427879623374e-01 3.331041750291161008e-01 7.139088399027200271e-01
1.320963101621880076e-01 3.188214661853385756e-01 7.595994683136132464e-01 2.986449109887703290e-01 7.207953672084049801e-01
1.175814493009560008e-01 3.195875566450115945e-01 7.127931591668696942e-01 2.658295407138945854e-01 7.225273536420721010e-01
1.039106379176660822e-01 3.180572121381921580e-01 6.640724659458014933e-01 2.349224075495078001e-01 7.190675325580457855e-01
2.539484462713267332e-01 8.133946140922193591e-02 7.139345410835751249e-01 7.966817419133017664e-01 2.551764531473154629e-01
2.554767171768613232e-01 9.215125277544562732e-02 7.571726350191781973e-01 8.014762013597512835e-01 2.890949783650018645e-01
2.551703289859301726e-01 1.036511857731837877e-01 7.972683155079542949e-01 8.005150067502286859e-01 3.251723270829994239e-01
2.530358754777545793e-01 1.157498363314438117e-01 8.334646410055651655e-01 7.938188439506758121e-01 3.631279599804597691e-01
2.491191457431879142e-01 1.283333632815194802e-01 8.650534344738344261e-01 7.815313615370046429e-01 4.026047369294639133e-01
2.435034909529102953e-01 1.412641128449646510e-01 8.913982336656242067e-01 7.639140470545126016e-01 4.431708133820188023e-01
2.363068751987212612e-01 1.543821896581494546e-01 9.119555765658845514e-01 7.413369749790166274e-01 4.843245689553624111e-01
2.276777561428275365e-01 1.675080280849824133e-01 9.262936295994379510e-01 7.142658835761513947e-01 5.255026741003302471e-01
2.177899963454010823e-01 1.804459485628349402e-01 9.341072674227950401e-01 6.832462108248649191e-01 5.660912469952336101e-01
2.068370487150248960e-01 1.929886307197947459e-01 9.352288689700386515e-01 6.488848531344532100e-01 6.054398865155364851e-01
1.950256871733115904e-01 2.049223811660243477e-01 9.296342962580623759e-01 6.118304973170288763e-01 6.428781982384719207e-01
1.825695650926190128e-01 2.160330227244109669e-01 9.174437581053636048e-01 5.727534122533612937e-01 6.777342700139710185e-01
1.696828792778072859e-01 2.261121870502020570e-01 8.989175155992109589e-01 5.323255716692746331e-01 7.093544130390725400e-01
1.565743972767611458e-01 2.349637575319280802e-01 8.744466435935833726e-01 4.912019167394288122e-01 7.371233743916277836e-01
1.434420726778283806e-01 2.424101870224155963e-01 8.445393062538048001e-01 4.500034633113243476e-01 7.604841568835893906e-01
1.304684296339742311e-01 2.482984075251150335e-01 8.098032192724240463e-01 4.093028223312418223e-01 7.789565588050731959e-01
1.178168475193101666e-01 2.525050576930007451e-01 7.709251437120294703e-01 3.696125441465870631e-01 7.921535735243138143e-01
1.056288229870022549e-01 2.549407790028299092e-01 7.286483765713802629e-01 3.313765290913632811e-01 7.997948673554904353e-01
9.402223331989056909e-02 2.555533716896165597e-01 6.837492651373110464e-01 2.949645793061379528e-01 8.017166802901949385e-01
8.309057509324330182e-02 2.543296547756352943e-01 6.370137742610763043e-01 2.606700102867978708e-01 7.978776612414330005e-01
1.990450695001688974e-01 6.375395867556017671e-02 6.712833170848301334e-01 8.664940816748530894e-01 2.775372834626743113e-01
2.002429299048048006e-01 7.222825255492511254e-02 7.119383203817211125e-01 8.717086742990062254e-01 3.144280515248134011e-01
2.000027825061758968e-01 8.124191259652435715e-02 7.496386414201570147e-01 8.706632512691161452e-01 3.536668184025243966e-01
1.983297955156362313e-01 9.072484811586263576e-02 7.836725591648288081e-01 8.633803111306747047e-01 3.949484614246031033e-01
1.952598584725986353e-01 1.005878302805929547e-01 8.133742038420893605e-01 8.500160902253979245e-01 4.378845446687861243e-01
1.908583021156618487e-01 1.107229659088506679e-01 8.381451361499130392e-01 8.308549899629229518e-01 4.820053815270425868e-01
1.852175868287958271e-01 1.210049288400164430e-01 8.574743610836057517e-01 8.062995140360091906e-01 5.267653951773572096e-01
1.784540738897543444e-01 1.312929753324354465e-01 8.709558432742470213e-01 7.768562128393132760e-01 5.715518921253220919e-01
1.707040369630585530e-01 1.414337315312361731e-01 8.783026858973840278e-01 7.431183204785197782e-01 6.156971967642850263e-01
1.621191046497077459e-01 1.512646995025192787e-01 8.793572817514215822e-01 7.057459150239282497e-01 6.584939140386345535e-01
1.528613465752596545e-01 1.606183861339767205e-01 8.740969348825510243e-01 6.654445269954240016e-01 6.992129036039205214e-01
1.430982244862786246e-01 1.693269191203045365e-01 8.626346727040430373e-01 6.229431601943540286e-01 7.371233743916274506e-01
1.329976260723174375e-01 1.772269791253467952e-01 8.452152080234675013e-01 5.789726726608039886e-01 7.715143555720958002e-01
1.227231835653836700e-01 1.841648497348733760e-01 8.222062524587683274e-01 5.342453973400801415e-01 8.017166802901951606e-01
1.124300532041898754e-01 1.900013693010478011e-01 7.940856118967485333e-01 4.894367690114362346e-01 8.271245423104363059e-01
1.022612976191477618e-01 1.946165629610235592e-01 7.614246964352024971e-01 4.451695758849589235e-01 8.472156603782915463e-01
9.234497374209660325e-02 1.979137399562908850e-01 7.248692392858037126e-01 4.020012825280185331e-01 8.615691148989582659e-01
8.279198680430281676e-02 1.998228609787522092e-01 6.851181320782370188e-01 3.604146877698475304e-01 8.698800068558290022e-01
7.369472914877907288e-02 2.003030117956091927e-01 6.429013422701990166e-01 3.208119991035204288e-01 8.719702261321092829e-01
6.512648349331905118e-02 1.993438611421270157e-01 5.989578803200730217e-01 2.835122349373650485e-01 8.677947980907931846e-01
1.529225033444283899e-01 4.898094176995240745e-02 6.186819196508290819e-01 9.237627540453917652e-01 2.958803882724743151e-01
1.538427964830329508e-01 5.549157897067821116e-02 6.561512188915143984e-01 9.293219916046392415e-01 3.352093556879945924e-01
1.536582958497733353e-01 6.241660083290442168e-02 6.908973631764683265e-01 9.282074740589830730e-01 3.770415067930967812e-01
1.523729720821541955e-01 6.970215803013891931e-02 7.222644015455317312e-01 9.204431869367556418e-01 4.210515526273209130e-01
1.500143984238868078e-01 7.727969776452921213e-02 7.496386414201571258e-01 9.061956926142705759e-01 4.668253846065357759e-01
1.466327672264670368e-01 8.506632777702073656e-02 7.724685368781555317e-01 8.857681892725388639e-01 5.138622734081192966e-01
1.422991140267830246e-01 9.296576238586017060e-02 7.902831342068544762e-01 8.595897830388848915e-01 5.615805837291809599e-01
1.371028369592931784e-01 1.008698708779484227e-01 8.027082147490995911e-01 8.282005034386418219e-01 6.093271276925615876e-01
1.311486324627025579e-01 1.086608190668197915e-01 8.094793627603354969e-01 7.922327928425663135e-01 6.563901014091712005e-01
1.245529938784523116e-01 1.162137629113608045e-01 8.104513210539890933e-01 7.523903554639929103e-01 7.020153563873002822e-01
1.174404361865850621e-01 1.234000206708405628e-01 8.056031721189084172e-01 7.094253520272669755e-01 7.454255616481008095e-01
1.099396170301325526e-01 1.300906192778341075e-01 7.950390866014305224e-01 6.641149679436714193e-01 7.858416263883453157e-01
1.021795212959431404e-01 1.361600836236527001e-01 7.789846017459601812e-01 6.172383654143165366e-01 8.225055900107924867e-01
9.428586448457766667e-02 1.414903163400558772e-01 7.577786154870617130e-01 5.695549571775794240e-01 8.547040588176850751e-01
8.637785015376830966e-02 1.459744022062338942e-01 7.318614931008327051e-01 5.217848191174829786e-01 8.817911873862451788e-01
7.856539057430124429e-02 1.495201668397167505e-01 7.017598692990464349e-01 4.745919010108378688e-01 9.032101756410056970e-01
7.094686942700145771e-02 1.520533245881206252e-01 6.680688779883751094e-01 4.285705115954969169e-01 9.185122844014572685e-01
6.360749307061897007e-02 1.535200655964529259e-01 6.314326460286355802e-01 3.842353590334359748e-01 9.273724631436054411e-01
5.661824476748134743e-02 1.538889562455959537e-01 5.925239410225912051e-01 3.420152336757459333e-01 9.296008300257926349e-01
5.003542622194664946e-02 1.531520592233123201e-01 5.520238649690529797e-01 3.022502386226110227e-01 9.251494379293698778e-01
1.151610149369791392e-01 3.688597062848378988e-02 5.589115764515437679e-01 9.653157780805879939e-01 3.091897849022774425e-01
1.158540580768925993e-01 4.178892193731314347e-02 5.927609980072363616e-01 9.711250832366346009e-01 3.502878618874786243e-01
1.157151165887662508e-01 4.700393299633658095e-02 6.241503463316170341e-01 9.699604320672104985e-01 3.940017216593375560e-01
1.147471806318961646e-01 5.249045161109681251e-02 6.524870413385822632e-01 9.618468890261951953e-01 4.399914429939333904e-01
1.129710147285828414e-01 5.819685287613647617e-02 6.772166787767095464e-01 9.469585088578249543e-01 4.878242897278413093e-01
1.104244171231258259e-01 6.406071329933125946e-02 6.978409971144028390e-01 9.256121283112905829e-01 5.369770085543461580e-01
1.071608823918348830e-01 7.000952323303546998e-02 7.139345410835752359e-01 8.982561557180206435e-01 5.868418008449466372e-01
1.032477333921870133e-01 7.596185291776945403e-02 7.251592449787900296e-01 8.654549124031067908e-01 6.367360967935846716e-01
9.876381364215988667e-02 8.182896522060083278e-02 7.312762380395902984e-01 8.278692894844735806e-01 6.859160738960200510e-01
9.379685052745738438e-02 8.751684411269748665e-02 7.321542962548001077e-01 7.862346454481166091e-01 7.335936602854511435e-01
8.844061227161069405e-02 9.292858351717525611e-02 7.277745229365379931e-01 7.413369749790166274e-01 7.789565588050731959e-01
8.279198680430299717e-02 9.796705796839413893e-02 7.182310248920585893e-01 6.939884231184410002e-01 8.211906333126577362e-01
7.694810849200127423e-02 1.025377762008440746e-01 7.037275504010752636e-01 6.450032006181463107e-01 8.595038283583866789e-01
7.100364963159662424e-02 1.065518028878696261e-01 6.845702567519252879e-01 5.951748803898136986e-01 8.931506601160154046e-01
6.504837858544444684e-02 1.099286236181092336e-01 6.611569658994140841e-01 5.452559290264281655e-01 9.214562315147554195e-01
5.916506674677302763e-02 1.125988248310717393e-01 6.339634348159409738e-01 4.959401623292885031e-01 9.438386963005428454e-01
5.342780369879755048e-02 1.145064643930830961e-01 6.035273020188324233e-01 4.478486224428073759e-01 9.598291299477988980e-01
4.790075560763596557e-02 1.156110198344022927e-01 5.704304658103024339e-01 4.015191703141665069e-01 9.690878603945012326e-01
4.263737768330895517e-02 1.158888195082696942e-01 5.352806982772707611e-01 3.573998842942026077e-01 9.714164644666047899e-01
3.768006892710642347e-02 1.153338860803287819e-01 4.986933007236690196e-01 3.158461661214503335e-01 9.667648382711531152e-01
8.500680218396493293e-02 2.722760311113070139e-02 4.949175974841797943e-01 9.887636051949981741e-01 3.167001030660866467e-01
8.551837618434880717e-02 3.084674637984322065e-02 5.248913448503249590e-01 9.947140202200088765e-01 3.587964654059517255e-01
8.541581568153655546e-02 3.469623844731235113e-02 5.526866912232291096e-01 9.935210793034476850e-01 4.035721487278951525e-01
8.470132787976243638e-02 3.874614546505433105e-02 5.777789054559844262e-01 9.852104557227469028e-01 4.506789750134094219e-01
8.339024023719966705e-02 4.295836019575128423e-02 5.996770611986825816e-01 9.699604320672104985e-01 4.996736968000972667e-01
8.151045375730706088e-02 4.728680435979135122e-02 6.179399466201029867e-01 9.480955411513867226e-01 5.500203507920861101e-01
7.910145578629088070e-02 5.167795452064342238e-02 6.321908200172823289e-01 9.200750832876190000e-01 6.010963747389750367e-01
7.621294110003630495e-02 5.607170280708238808e-02 6.421303233633408603e-01 8.864770873453783340e-01 6.522026189971343868e-01
7.290310851990562668e-02 6.040254736581456702e-02 6.475469360030348120e-01 8.479784976979344302e-01 7.025771933772414490e-01
6.923671454814675497e-02 6.460108969449586402e-02 6.483244587465818443e-01 8.053325349226715391e-01 7.514128834963295089e-01
6.528297476811698030e-02 6.859579798427051234e-02 6.444461585296468176e-01 7.593442857653286415e-01 7.978776612414331115e-01
6.111340759320530586e-02 7.231497848314073773e-02 6.359953671651952245e-01 7.108456225283993346e-01 8.411376148446230161e-01
5.679971334560911245e-02 7.568888188992424493e-02 6.231525042640134737e-01 6.606705334016294007e-01 8.803814495774181514e-01
5.241177495592341806e-02 7.865186005342746089e-02 6.061886728699106275e-01 6.096318674349949784e-01 9.148455735744519535e-01
4.801585548570002498e-02 8.114448077219488242e-02 5.854561453178931396e-01 5.585003688742261607e-01 9.438386963005430674e-01
4.367305314125900090e-02 8.311550600522095433e-02 5.613762055957808306e-01 5.079867065269932924e-01 9.667648382711530042e-01
3.943805759816215728e-02 8.452364172697497680e-02 5.344249339540485533e-01 4.587270078488201452e-01 9.831436846349095315e-01
3.535823350140729349e-02 8.533897603045281777e-02 5.051176027932792190e-01 4.112721986002763064e-01 9.926273125874259806e-01
3.147303913873546188e-02 8.554403554591588632e-02 4.739923958150627503e-01 3.660812410977800635e-01 9.950124791926823198e-01
2.781377159030376522e-02 8.513440806772759606e-02 4.415941638614668263e-01 3.235181699010742928e-01 9.902478635182346833e-01
6.150578767875238689e-02 1.970024907336696135e-02 4.295728225539912071e-01 9.927265802819867924e-01 3.179694404606908664e-01
6.187593172653681889e-02 2.231884254760082772e-02 4.555890873302844146e-01 9.987008446339522560e-01 3.602345254702912780e-01
6.180172514132092898e-02 2.510410249962684651e-02 4.797145689376663968e-01 9.975031223974600847e-01 4.051896702090743152e-01
6.128476492277424442e-02 2.803437060467640560e-02 5.014938173355549811e-01 9.891591897487125307e-01 4.524853011573166106e-01
6.033614109385770224e-02 3.108207476749020801e-02 5.205007239780661266e-01 9.738480438355350266e-01 5.016763943120589042e-01
5.897604113546318916e-02 3.421387552805339044e-02 5.363523309492862490e-01 9.518955182034616325e-01 5.522248382308163617e-01
5.723303570628330422e-02 3.739104656048908293e-02 5.487216383657225194e-01 9.237627540453919872e-01 6.035055754270404194e-01
5.514308094460141502e-02 4.057009743967359555e-02 5.573488129274185576e-01 8.900300969766774539e-01 6.548166540578653771e-01
5.274828600236641102e-02 4.370363498085304971e-02 5.620502613950888460e-01 8.513772045708640768e-01 7.053931302699543160e-01
5.009550477333431923e-02 4.674144661937661149e-02 5.627251265468699026e-01 8.085603163214524214e-01 7.544245543564749301e-01
4.723481747302538808e-02 4.963177625885322602e-02 5.593588846121131386e-01 7.623877457704547611e-01 8.010755634269013381e-01
4.421797050568014587e-02 5.232275063061497117e-02 5.520238649690533128e-01 7.136946993734347711e-01 8.445089033860342376e-01
4.109684189376589664e-02 5.476390335316011493e-02 5.408766661339766690e-01 6.633185079537082807e-01 8.839100278274582001e-01
3.792199470495626751e-02 5.690773538941083093e-02 5.261525969751148502e-01 6.120752784689222903e-01 9.185122844014573795e-01
3.474137288832412906e-02 5.871124518807827736e-02 5.081574187384322316e-01 5.607388443159735392e-01 9.476216118730039772e-01
3.159918341565196714e-02 6.013735999745094957e-02 4.872567926020007767e-01 5.100227226707013672e-01 9.706396420654225254e-01
2.853499643293880977e-02 6.115620195479973265e-02 4.638639411669123747e-01 4.605655905942632189e-01 9.870841350202875786e-01
2.558308213649680002e-02 6.174612861088524945e-02 4.384261045810781132e-01 4.129205819635600183e-01 9.966057734548976477e-01
2.277199016006841575e-02 6.189449729075026385e-02 4.114104092770999310e-01 3.675484986208745752e-01 9.990004998333750219e-01
2.012436518052245285e-02 6.159811558889177752e-02 3.832897685546611255e-01 3.248148341803521189e-01 9.942167875284307899e-01
4.362067690951378779e-02 1.397166400590869190e-02 3.654725884520362844e-01 9.769693490005596503e-01 3.129224133000582109e-01
4.388318771585796724e-02 1.582880337779216801e-02 3.876067438977065516e-01 9.828487857665613170e-01 3.545166381424650903e-01
4.383055947385953305e-02 1.780414470844727051e-02 4.081322560990603421e-01 9.816700745917916748e-01 3.987582242569411850e-01
4.346392479573658180e-02 1.988232764199867469e-02 4.266616366105933644e-01 9.734585825154579153e-01 4.453031467923587172e-01
4.279114886502315140e-02 2.204379770228380789e-02 4.428323601861788306e-01 9.583904655209469770e-01 4.937134454693249408e-01
4.182654889664866316e-02 2.426491012563854882e-02 4.563186133351848084e-01 9.367863853022097009e-01 5.434595501160564002e-01
4.059038756050098451e-02 2.651819971548993737e-02 4.668421906228884533e-01 9.091001635055812047e-01 5.939263245834359717e-01
3.910816540132816543e-02 2.877282251625961143e-02 4.741820306978370980e-01 8.759029341062033458e-01 6.444229588855358015e-01
3.740974675842919511e-02 3.099516668623491372e-02 4.781819358378721074e-01 8.378635666904845625e-01 6.941966508779787715e-01
3.552836100156979426e-02 3.314962084407965803e-02 4.787560985896295862e-01 7.957262972044846228e-01 7.424498148627405314e-01
3.349952564842075681e-02 3.519947891636553833e-02 4.758921623984683213e-01 7.502866090880675465e-01 7.883603473970939302e-01
3.135993989861542153e-02 3.710795172961520866e-02 4.696516637576156339e-01 7.023664518320409389e-01 8.311042838521254250e-01
2.914639629708560414e-02 3.883924789239413117e-02 4.601678337796772933e-01 6.527898655755531854e-01 8.698800068558290022e-01
2.689475480631288787e-02 4.035968049119269263e-02 4.476408688845470718e-01 6.023600034717130347e-01 9.039330328858641295e-01
2.463901787698004678e-02 4.163875228589453137e-02 4.323309050681333754e-01 5.518384161075765570e-01 9.325803173190490014e-01
2.241053764855343092e-02 4.265017081548783118e-02 4.145490400773851891e-01 5.019272952292171963e-01 9.552329896852654878e-01
2.023737776543167374e-02 4.337274632456819545e-02 3.946468360356449323e-01 4.532551803812119307e-01 9.714164644666047899e-01
1.814384308114774455e-02 4.379112971638526863e-02 3.730047965640340135e-01 4.063664257234669286e-01 9.807869689817929615e-01
1.615018135443083841e-02 4.389635464711355572e-02 3.500203441657788739e-01 3.617145189381049675e-01 9.831436846349097536e-01
1.427245247445044392e-02 4.368615702268528744e-02 3.260958247032660906e-01 3.196591522761113024e-01 9.784359026643293378e-01
