6.29028
6.08424
12.8325
7.64517
13.7852
13.8112
10.34
10.0197
12.802
11.5177
12.7362
11.9789
12.08
11.5141
13.8689
10.216
8.39175
15.0293
10.749
8.24801
10.8503
9.04308
15.0726
11.1266
11.6597
6.69483
7.07598
10.6104
9.01816
12.4456
10.7447
10.4414
9.12603
10.372
6.69927
9.62795
9.08024
12.8528
15.1648
11.858
13.4589
11.189
10.4255
12.4345
8.92298
9.71485
7.83496
8.21003
11.4193
11.8245
12.7781
10.5669
10.2492
10.2892
8.67927
11.4519
9.87609
8.67899
7.34189
11.516
13.2689
12.6963
12.5903
12.0083
17.035
12.8033
13.9788
11.342
9.49045
7.02374
7.78009
8.80864
10.7315
10.4302
10.5821
8.88819
14.1706
10.1416
6.4881
6.77179
12.8023
12.0726
11.6542
10.17
10.4633
10.4817
15.6013
11.6654
11.0488
11.756
12.4661
13.5218
7.35108
14.0925
9.71388
8.42093
6.82714
10.4473
7.82751
8.94272
