377.14132500979809492
362.76788547524506612
352.57681781786106967
352.66405316853843033
347.3053304852310248
350.13173609067274583
346.0873571626908074
348.02473464755888699
347.53702704307465865
349.35781344671983106
346.87634810161483756
348.42625171163336972
347.03324915437502796
349.3605906370475509
347.56613895623314647
349.02863817757935294
348.32214733573624699
349.51906925965664641
348.90131992454632837
348.97683199952888344
349.50746410604352832
352.33260199001307456
349.74520206774599274
353.51992848807691416
350.8765412731963238
353.22310471829626977
351.63284588392309615
355.71710762836676167
353.0552191049990256
357.85247972133112171
353.55879379020592523
358.58402393802981578
353.97645455910833334
354.97733846146314818
354.10251796146792458
354.80063476635348252
353.74519723126815052
355.14611060455433744
351.85717259076187702
352.79842545912384821
351.03507479893102072
353.93695093573387567
350.02503551036085128
353.37862512431462392
347.05652200742144942
350.03372788713380714
342.85274809360652171
345.43221836149797355
339.37762486926737893
343.43744036683580134
335.80831554118600479
338.03886883672259955
332.28771069602009902
331.32271446976864127
327.85969639521391628
328.26574661794472831
324.5088182660697953
326.25089375255481627
321.99081666223202092
323.40013767817288226
320.58533772029591091
321.4294735082293073
320.51006368024258109
321.30736290484298934
321.94701047903959079
321.96561854932235747
324.99783163899485317
326.17846293558835669
328.52215057314572277
329.27976663780646049
333.23845615898977712
334.09825829488835325
338.11036296257049116
337.62606207065226727
343.4044733093004993
342.90754343250915781
346.57992180639843127
349.1450107696338705
348.20616869716093333
351.08471686248572041
347.51616715091938659
350.97680819233090688
345.15193441170072219
345.58234616952330498
339.81307081410193405
342.11309186216226408
333.99499328575711843
336.44164226834953979
327.56754073059244092
328.13656387903210998
322.10871953959798475
323.39992965838160899
318.60927614081862203
320.23889479047323903
318.24497737589598501
318.77043574061008258
321.4353370045828342
320.55253045076312901
327.03101286502840139
324.8861044464752581