/*--------------------------------*- C++ -*----------------------------------*\
| =========                 |                                                 |
| \\      /  F ield         | OpenFOAM: The Open Source CFD Toolbox           |
|  \\    /   O peration     | Version:  2212                                  |
|   \\  /    A nd           | Website:  www.openfoam.com                      |
|    \\/     M anipulation  |                                                 |
\*---------------------------------------------------------------------------*/
FoamFile
{
    version     2.0;
    format      ascii;
    arch        "LSB;label=32;scalar=64";
    class       volScalarField;
    location    "0";
    object      relativeErrorField;
}
// * * * * * * * * * * * * * * * * * * * * * * * * * * * * * * * * * * * * * //

dimensions      [0 0 0 1 0 0 0];

internalField   nonuniform List<scalar> 
3200
(
0.0207094
0.0128924
0.00721841
0.00365722
0.0125218
0.00456019
0.0101298
0.00726171
0.0129779
0.00234416
0.00858967
0.0122756
0.010398
0.0109925
0.0151985
0.015428
0.0157369
0.0051623
0.00305725
0.0136876
0.0150277
0.00544727
0.00248974
0.00128972
0.00989433
0.000787001
0.00698831
0.00568015
0.0156051
0.00913863
0.00901946
0.011789
0.0111046
0.0150774
0.0128001
0.0162622
0.00947245
0.000993205
0.00349578
0.00207722
0.0139389
0.00645371
0.00112423
0.00194658
0.00688104
0.00723469
0.00602652
0.0035186
0.00879844
0.00279513
0.00736776
0.00788022
0.00767218
0.00800005
0.00990909
0.013798
0.00272689
0.000707228
0.00803415
0.00186876
0.00828866
0.00819677
0.00133078
0.00885171
0.00327915
0.0029892
0.00381075
0.00343302
0.000699232
0.00953061
0.00462797
0.011804
0.0126843
0.00578492
0.0057317
0.00834488
0.00918104
0.000884021
0.000395926
0.0020047
0.0101381
0.00452133
0.00195948
0.00706477
0.00381041
0.00182108
0.00934585
0.00060871
0.00295771
0.00753282
0.00516749
0.00471742
0.0075234
0.00868737
0.00282151
0.00292591
0.00647982
0.00364379
0.000943244
0.000605521
0.00701842
0.00319069
0.00724943
0.00310071
0.00319769
0.00724538
0.00473018
0.00458229
0.000727899
0.000394463
0.00546486
0.00928623
0.00559984
0.000826599
0.00847785
0.000496588
0.00328709
0.00128343
0.004714
0.000397156
0.00996741
0.00486929
0.00183355
0.00197329
0.00304629
0.00384369
0.00118385
0.00947672
0.00381223
0.00366695
0.00020596
0.00195463
0.0107383
0.00217875
0.00149406
0.00689905
0.00562318
0.00277833
0.00170147
0.00171519
0.00332756
0.000307946
0.00824942
0.00930193
0.00435526
0.000332063
0.00318884
0.00256003
0.00938772
0.00327807
0.00222327
0.0036086
0.00026292
0.00093833
0.00895305
0.00473047
0.00269179
0.00838613
0.00534019
0.00717028
0.0104024
0.00450122
0.00450081
0.00797957
0.00131093
0.00391572
0.00683281
0.00267947
0.00764643
0.00764594
0.0121963
0.00691881
0.0109166
0.0117235
0.00692796
0.0135777
0.00390996
0.0103024
0.000350941
0.00428906
0.0064057
0.00053548
0.00164844
0.000425268
0.00311977
0.00104237
0.00768461
9.4197e-05
0.00555371
0.000615794
0.00220645
0.0115099
0.000954499
0.00482297
0.000677619
0.0134948
0.000504825
0.0110008
0.000561203
0.00116321
0.00778266
0.00924333
0.00198013
0.000807208
0.00234979
0.00348102
0.0108268
0.0136476
0.00560153
0.00299013
0.00158235
0.00849567
0.0141388
0.000881616
0.0122312
0.0126562
0.00706278
0.00880657
0.000845402
0.00278866
0.0149748
0.0028931
2.56578e-05
0.00330667
0.00726609
0.000895293
0.0102117
0.00675544
0.00567491
0.000992348
0.000911018
0.00400109
0.00798957
0.00734848
0.0113776
0.00573866
5.31413e-05
0.00418403
0.00246552
0.000124011
0.00637009
0.00163447
0.00325389
0.00316103
0.00377732
0.00402735
0.00244322
0.00123099
0.00820334
0.00420268
0.00737735
0.00244898
0.00566978
0.00266094
0.00174565
0.00228294
0.00144851
0.00754618
0.000660294
0.000410982
0.00501402
0.00663834
0.00319502
0.00254567
0.00392738
0.00545814
0.00607714
0.00562972
0.00464774
0.00445583
0.000442879
0.00578306
0.0017386
0.0051599
0.00306811
0.00251602
6.02755e-05
0.00278018
0.000896948
0.00102482
0.00717459
0.00443013
0.00143849
0.00215386
0.00566512
0.00340531
0.000795186
0.0070291
0.00250455
0.000722528
0.0153063
0.00562482
0.00443097
0.00134555
0.00119874
0.00908573
0.00238429
0.00329848
0.00313892
0.000808924
0.000519832
0.000293057
0.00558804
0.0105008
0.0034976
0.00150736
0.00246345
0.00368339
0.00268143
0.0121734
0.00310868
0.0041646
0.00197676
0.00297318
0.0014718
0.00209704
0.00128578
0.00272187
0.000780654
0.000813017
0.00830615
0.00873031
0.00367599
0.00220741
0.00308336
0.00358339
0.00521782
0.0034269
0.00685503
0.00672898
0.00486301
0.0105831
0.003156
0.0135473
0.00790965
0.00518323
0.00766174
0.00389322
0.0034748
0.00663796
0.00725986
0.00840084
0.00323801
0.0011556
0.00169916
0.00601451
0.00255208
0.00419888
0.00281858
0.001895
0.000165727
0.00235005
0.00711804
0.00853823
0.00655212
0.00909564
0.0102433
0.00536162
0.000212617
0.00571671
0.00797096
0.00333427
0.00240294
0.00109651
0.00669976
0.00580053
0.0013676
0.01199
0.00305807
0.00302733
0.00441141
0.00730508
4.89709e-05
0.00904239
0.00696725
0.00824286
0.0104621
0.00886967
0.00117873
0.0048085
0.00931773
0.00199226
0.00393854
0.000317662
0.00185517
0.00211969
0.00351855
0.00723917
0.000618012
0.00126532
0.00269493
0.00547755
0.00561785
0.00393354
0.0113082
0.00536753
0.0136251
0.00690537
0.00179512
0.00193313
0.00565981
0.00490899
0.00403768
0.00269096
0.00550444
0.000305282
0.0001313
0.00415364
0.00309444
0.00613971
0.0051305
0.000798312
0.00234201
0.00823911
0.0107617
0.0045626
0.00802471
0.0024297
0.000677084
0.000769064
0.00104981
0.00356777
0.00024004
0.00143497
0.00185917
0.00137391
0.00226419
0.00081288
0.003931
0.00259125
0.00443786
0.00231753
0.0038037
0.0091046
0.00319723
0.000328134
0.00194027
0.00715918
0.00451772
0.00848722
0.00616723
0.00470404
0.00429157
0.000975771
0.00206943
0.000529006
0.000423678
0.00355455
0.00484687
0.00342223
0.00512251
0.00233685
0.00618436
0.000257892
0.000277775
0.000423752
0.00496784
0.00681877
0.00165001
0.00368041
0.00622369
0.00464883
0.00811791
0.00123652
0.00281372
0.000740772
0.00103981
0.00507722
0.0038825
0.00343277
0.00128195
0.00178912
0.00270544
0.00178341
0.00374053
0.00656095
0.000904756
0.00788211
0.00830395
0.00238029
0.0102722
0.0102132
0.00129746
0.0015317
0.00525397
0.0101797
0.00583032
0.00726406
0.00709351
0.00502224
0.00148179
0.00600598
0.00461416
0.00965978
0.0069006
0.0070318
0.00577313
0.0072714
0.00162362
0.00560998
0.0105158
0.000493798
0.00049381
6.29253e-05
0.00707518
0.000370162
0.0114461
0.000336325
0.0014618
0.000152574
0.00023393
0.00236597
0.000596129
0.00895295
0.000982183
0.009997
0.000576995
0.00303446
0.000487459
0.0063612
0.0100054
0.0020642
0.000420102
0.00215339
0.00779253
0.00428065
0.000602646
0.00525946
0.000388867
0.00313411
0.00437062
0.00236716
0.00847375
0.00109271
0.00606284
0.00278483
0.0052843
0.0067935
0.00181477
0.00809605
0.00718429
0.00193861
0.00691724
0.00184216
0.000364716
0.00280215
0.00115894
0.00883346
0.00334214
0.00680904
0.000801043
0.00309235
0.00433843
0.00046849
0.00076766
0.00728084
0.000645279
0.00252902
0.000210097
0.00804382
0.00129569
0.00353274
0.00159708
0.000135374
0.000327896
0.00898412
0.0058573
0.00608834
0.00109733
0.00235327
0.000497669
0.00403653
0.000195635
0.00222184
0.00440348
0.00253312
0.00150648
0.0031338
0.00421361
0.00149425
0.00281082
0.00997256
0.00865913
0.000513212
0.00746525
0.00257324
0.00875292
0.00780113
0.000552672
0.00325932
0.0102901
0.00056813
0.00417863
0.00228039
0.000757409
0.00958625
0.00393594
0.000427998
0.0021756
0.00360181
0.00607535
0.00523034
0.000803059
0.00465242
0.00797595
0.000185408
0.00126825
0.00332405
0.00444082
0.00161915
0.00232542
0.00199889
0.00481809
0.00268543
0.000127082
9.12403e-05
0.00450471
0.00573854
0.00241094
0.00352778
0.00175198
0.00447975
0.00062581
9.44138e-05
0.00691411
0.00648515
0.00457693
0.00217388
0.00137804
0.000794039
5.4634e-06
0.00861502
0.00333805
0.000649779
0.00683787
0.00224652
0.00118816
0.00091792
0.00130423
0.000665049
0.00560764
0.00620196
0.00852462
0.00727486
0.00270355
0.0116775
0.00138337
0.00835437
0.00252075
0.00469483
2.48391e-05
0.000494817
0.00578273
0.0106523
0.00174839
0.00863324
0.00309246
0.00531138
0.00218643
0.00911965
0.0022537
0.000537035
0.00167711
0.0030923
0.00531816
0.00088148
0.00572241
0.000200793
8.53108e-05
0.00200935
0.00465152
0.00312028
0.00430968
0.00242755
0.00161776
0.00260821
0.00112342
0.00248507
0.00543315
0.00423894
0.00826106
0.00663793
0.00725065
0.00187047
0.0104043
0.0046827
0.00306801
8.10047e-05
0.00400308
0.000233394
0.000733233
0.00321283
0.00136972
0.000151383
0.0108473
0.00563958
0.0101131
0.00114413
0.00287235
0.00253991
0.013805
0.00718024
0.00656526
0.00279127
0.000591824
0.00381211
0.00448498
0.0104041
0.0083315
0.00225436
0.00387033
0.00698105
0.00309421
0.00388397
0.00351369
0.00254792
0.000785281
0.000315685
0.00258329
0.00277464
0.0101234
0.00403278
0.00650844
0.00243021
0.00317503
0.00319204
0.000608439
0.00601771
0.00121199
0.0015236
0.00200342
0.00393109
0.00432844
0.0046863
0.00871913
0.00212418
0.00499474
0.00112217
0.000975903
0.0025333
0.00315241
0.00290826
0.00270895
0.000415894
0.00206088
0.00631834
0.00158737
0.00418159
0.00774628
0.000819039
0.00417718
0.00356487
0.00313187
0.00259874
0.00433134
0.0014167
0.00076778
0.00448627
0.00657503
0.00110777
0.00133967
0.00410507
0.000648407
0.000368746
0.00214942
0.00245313
0.00489254
0.000854213
0.00555695
0.00319061
0.000953727
0.00158189
0.00413363
0.000852359
0.00746026
0.00084751
0.000266543
0.00640506
0.00255779
0.00409961
0.000929265
0.00358148
0.00179953
0.00161008
0.00988826
0.000309014
0.000219231
0.000507798
0.000419026
0.00620696
0.00147716
0.000733524
0.00204227
0.00284424
0.00161347
0.00717509
0.00326666
0.00138579
0.00409719
0.00164985
0.0167981
0.00368796
0.00457324
0.000845052
0.00550288
0.00148989
0.00256419
0.00129518
0.00498049
0.00141103
0.00391926
0.00263365
0.00440141
0.00370494
0.00312567
0.00473098
0.0037338
0.0041807
0.00464585
0.0132739
0.0081094
0.00118574
0.0103357
0.000760656
0.00150528
0.00109505
0.00540452
0.000756489
0.00158071
0.00130609
0.000334284
0.00289231
0.000284399
0.0045375
0.000665637
0.00139654
0.000435639
9.38468e-05
0.00167429
0.00690662
0.0158817
0.0129087
0.00792116
0.0047163
0.00896881
0.00488464
0.00257884
0.00897043
0.00314886
0.00420038
0.0050531
0.00622379
0.002189
0.000677401
0.00306806
0.00295778
0.00635073
0.00294216
0.00427166
0.000425713
0.00723379
0.00636671
0.00525602
0.00685644
0.00291753
0.00203678
0.00230051
0.00287485
0.0035831
0.0017496
0.0109419
0.00388749
0.0040323
0.00251012
0.0011337
0.000989323
0.00235465
0.00577503
0.00285785
0.00841846
0.00194287
0.00797228
0.00376934
0.000333718
0.00265988
0.0026289
0.00129684
0.0046372
0.000169207
0.00839853
0.000191137
0.00111951
0.00337749
0.00290956
0.00435976
0.00346727
0.00376239
0.0027468
0.000486554
0.00301094
0.00204297
0.00301457
0.0108225
0.00393005
0.00624573
0.00665271
0.00148271
0.00376946
0.00183343
0.00282079
0.00454507
0.00206451
0.000333038
0.000263733
0.00478555
0.00212692
0.00195033
0.00237538
4.24964e-05
0.00205198
0.00395225
0.00128828
0.00188366
0.00264453
0.000665257
0.00372117
0.00273945
9.34356e-05
0.000740864
0.00489696
0.00532797
0.00132086
0.00159966
0.00618496
0.00418373
0.00147788
0.000848916
0.00838522
0.00273005
0.00472527
0.000102853
0.00549692
0.000230366
0.00264799
0.000950011
0.000497495
0.00180318
0.00355747
0.00170314
0.00647096
0.00278906
0.00196187
0.00462459
0.00339572
0.000961345
0.00563211
0.0065698
0.00185086
0.000179903
0.00350879
0.0148958
0.0122503
0.00801167
0.00510938
0.00189415
0.00253256
0.00384858
0.00404035
0.00286818
0.00543912
0.00440351
0.00795283
0.00364806
0.00131435
0.00265317
0.00377861
0.00119342
0.000407581
0.000135594
0.00548169
0.0104156
0.014126
0.00445893
0.00712927
0.00630386
0.00260291
0.00312717
0.000941945
0.0115159
0.00995711
0.00471304
0.00432792
0.00750795
0.000422556
0.00461437
1.77054e-05
0.00299916
0.0014764
0.00745552
0.00270096
0.0162145
0.0053792
0.00488932
0.00485123
0.00026501
2.93212e-05
0.00143207
0.0120464
0.00092084
0.0011239
0.00606002
0.00208687
0.000225547
0.00329393
0.00242477
0.00326066
0.0038465
0.00442208
0.0046109
0.00377886
0.00845995
0.00840053
0.000477347
0.000790146
0.00417928
0.00160805
0.00705389
0.0010289
0.00297395
0.000269207
0.00664819
0.00209488
0.00147266
0.00166512
0.00550809
0.00659645
0.00409709
0.000701615
0.00129849
0.00534648
0.0123016
0.00239559
0.000358372
0.00196356
0.0102669
0.00171339
0.00422388
0.00279011
0.0058859
0.00236124
0.000542097
0.00834208
0.00209363
0.00169298
0.00473985
0.00185801
0.00283352
0.00186996
0.000227077
0.00682594
0.0119737
0.00963171
0.00745549
0.0032969
0.000742068
0.00594537
0.0025032
0.00732508
0.00319149
0.000267756
0.000418817
0.00169614
0.00684718
0.00339704
8.45128e-05
0.000409987
0.00515395
0.00384586
0.0041221
0.00513765
0.00152152
0.000799301
0.00703197
0.00546445
0.00405283
0.00252582
0.00101954
0.000921902
0.00103782
0.000651874
0.00496119
0.00256815
0.00550842
0.00862531
0.00942735
0.00525927
0.00205815
0.00279054
0.00739342
0.00279945
0.0100782
0.000296496
0.00332882
0.0103447
0.000177926
0.0048658
0.00273051
0.0012873
0.00214063
0.00365982
0.000135288
0.00180511
0.000298566
0.000235038
0.00487003
0.00418281
0.000516596
0.0102729
0.00199327
0.00662722
0.0104582
0.00722423
0.00115784
0.00231764
0.00563
0.00133095
0.00163807
0.00195036
0.000192073
0.00535344
0.00162376
0.00669894
0.00324864
0.00201494
0.00366831
0.000961449
0.000123725
0.00321971
0.00686729
0.0116003
0.017857
0.00147806
0.00277251
0.000866048
0.00418363
0.000287578
0.00584559
3.5126e-05
0.00503861
0.000976674
0.000133564
0.000183607
0.000426958
0.000811047
0.000743703
0.00198171
0.00143613
0.00658254
0.000652842
0.00415657
0.00893961
0.0137285
0.00602678
0.00266645
0.00449497
0.0085946
0.00787995
0.0052701
0.00298101
0.00273188
0.0116841
0.00593384
0.00885472
0.000337271
0.00118898
0.00197703
0.0013789
0.00337744
0.00512189
0.0144626
0.0107133
0.00750617
0.000190019
0.00354294
0.000187054
0.00484849
0.00381433
0.00186811
0.00251717
0.00118602
0.00435049
0.00167028
0.00149907
0.00646786
0.00418682
0.000113717
0.00601052
0.00212996
0.00314316
0.00547497
0.000273521
0.00275832
0.00387244
0.00214631
0.00334394
0.00148716
0.00855346
0.00128804
0.00549251
0.00360916
0.00843405
0.00925594
0.00966853
0.00182229
0.00160152
0.00143693
0.00163775
0.00883356
0.000123668
0.00129808
0.00651539
0.000572287
0.00477314
0.00267897
0.00706628
0.0021382
0.0034096
0.00164564
0.00493943
0.00756028
0.000351165
0.00538084
0.0078665
0.00254493
0.00398738
0.00427077
0.002867
8.5303e-05
0.00136723
0.0084592
0.00858496
0.00132801
0.00383833
0.0062837
0.00465306
0.00116167
0.00348013
0.00452509
0.00623105
0.00471916
0.00084342
0.00243095
0.00360344
0.00190196
0.00329403
0.00150625
0.00670463
0.00268197
0.000971257
0.00384131
0.00432811
0.00379402
0.00501049
0.00174728
0.00282686
0.00639044
0.000143413
0.000993275
0.00663965
0.00378911
0.00243474
0.00447779
0.00148057
0.0061084
0.00138488
0.00290525
0.00607792
0.00070507
0.00168888
0.00157481
0.0190842
0.0102955
0.0127344
0.00286228
0.00655205
0.00157637
0.00142989
0.00281918
0.0124952
0.0105223
0.00264384
0.0070314
0.00921007
0.00449378
0.00781315
0.00484635
0.000913976
0.000454044
0.00629986
0.014254
0.0155019
0.0107574
0.00937187
0.00347848
0.0033707
0.00161134
0.00213318
0.0107974
0.00851998
0.00569203
0.00823692
0.0105988
0.00765447
0.00302956
0.00421353
0.00219479
0.00120933
0.00341079
0.00351125
0.00410497
0.0064646
0.0108989
0.0120957
0.00190575
0.000397147
0.00389224
8.38014e-05
0.00656361
0.0131474
0.00293125
0.00234332
0.00551698
0.00772764
0.00635114
0.00304709
0.00508589
0.00538361
0.000650555
0.00348447
0.00934123
0.0190567
0.00903573
0.00540628
0.00311851
0.000782442
0.0055503
0.00457076
0.00909375
0.0016168
0.00719216
0.0124611
0.0061589
0.0033827
0.00444721
0.00717517
0.000660309
0.00434501
0.000823685
0.00477491
0.00407675
0.00777044
0.00720996
0.00387924
0.00113694
0.00232075
0.00155035
0.00296646
0.00478241
0.000979358
0.00242891
0.0025893
0.00685089
0.000300407
0.0049655
0.00937315
0.00631079
0.00262512
0.00393345
0.00734273
0.0130664
0.000544826
0.0002948
0.00591132
0.000880349
0.004309
0.00253814
0.00196757
0.00225536
0.000309159
0.000266798
0.00463116
0.00564018
0.00173845
0.00119764
0.0100216
0.00122816
0.00729926
0.0096237
0.00569909
0.0106193
0.00583921
0.0065608
0.00737976
0.00314824
0.00109902
0.00246905
0.00148877
0.000323814
0.00465672
0.00327331
0.0042525
0.00117069
0.00314104
0.0020703
0.00081129
0.00470726
0.00269826
0.000438176
0.00464326
0.00048577
0.00118074
0.00250628
0.00100368
0.00133995
0.0047348
0.00173934
0.00649022
0.0073009
0.00374012
0.00202388
0.0036573
0.00258743
0.00563967
0.00496789
0.00422436
0.00227364
0.00309265
0.00523759
0.00552723
0.00141231
0.0173171
0.0148602
0.00334187
0.00502302
0.00659441
0.00524716
0.00288802
0.00579387
0.0041235
0.00584059
0.0166575
0.00648059
0.00207476
0.00480485
0.0043877
0.00251939
0.00136306
0.00464542
0.00200881
0.0142523
0.0131213
0.00183001
0.00993386
0.00072862
0.00242149
0.00175633
0.00455516
0.00231289
0.00440524
0.000701916
0.00110578
0.00343746
0.0022032
0.0106161
0.00253468
0.00886021
0.000610899
0.00435403
0.00119266
0.0130004
0.00708748
0.0038385
0.00180569
0.00632188
0.0041872
0.00309163
0.00317974
0.00610178
0.00159654
0.00715161
0.00937772
0.00351271
0.00781347
0.0115734
0.00169869
0.00402207
0.00322536
0.00409951
0.00829792
0.00612657
0.00838723
0.00171821
0.000748005
0.00760504
0.00661456
0.00346718
0.000882075
0.0022513
0.000223951
0.00669536
0.00479453
0.0065512
0.00768018
0.00622948
0.00021032
0.00368621
0.00536747
0.0025525
0.00415666
0.00435343
0.00633038
0.00384876
0.00577993
0.0016544
0.000176189
0.000180877
0.0107646
0.00068875
0.00106874
0.000875967
0.000156911
0.000190886
0.00389238
0.00342026
0.00806578
0.000731393
0.00378444
0.00344993
0.00572804
0.0106838
0.0027811
0.00814411
9.97073e-05
0.00139183
0.00274571
0.00664664
0.00143786
0.00458499
0.00141103
0.00846617
0.000275412
0.00396823
0.00858014
0.00362583
0.00405229
0.00409984
0.00251277
0.00180126
0.00268437
0.00689835
0.0013819
0.00355398
0.00292541
0.00831943
0.00270267
0.0011477
0.00208991
0.00167914
0.00367772
0.00068036
0.00263258
0.00802166
0.00474804
0.00264178
0.00430041
0.00168653
0.00082485
0.0010888
0.000871083
0.000713711
0.000182603
0.00188786
0.00238659
0.0014885
0.00187607
0.007952
0.000897635
0.00386082
0.00299673
0.00197342
0.000956053
0.00666472
0.0021249
0.00128379
0.00943946
0.00642642
0.00515545
0.0115167
0.0032559
0.0063675
0.0161759
0.0119205
0.00761303
0.00161092
0.00694201
0.00110176
0.00209102
0.0104772
0.00930975
0.0108033
0.0167939
0.0119998
0.0114357
0.00774794
0.00605784
0.000544178
0.00392872
0.0033439
0.010114
0.00976815
0.0193675
0.000928046
0.000735714
0.000373852
0.00358656
0.000291399
0.00565933
0.000512179
0.00951012
0.000461838
0.000118774
0.00743847
0.00144995
0.0109679
0.00130736
0.00333996
0.00153633
0.00395666
0.000103778
0.0133869
0.0117262
0.0068838
0.00392859
0.0061564
0.00381138
0.00293845
0.00140513
0.00599391
0.00609309
0.0101939
0.0111627
0.00452671
0.00107262
1.03491e-05
0.0012603
0.00306716
0.00397838
0.00728577
0.011005
0.00663275
0.0109185
0.0036655
0.00695308
0.00532401
0.000409154
0.000464823
0.00473744
0.00977348
0.0101157
0.00889261
0.00464997
0.00807591
0.00774279
0.00384064
0.00378941
0.000563579
0.001399
0.00304308
0.0043033
0.00458461
0.00138414
0.00453838
0.000470928
0.00288059
0.00460664
0.0060154
0.000925869
0.00156203
0.00553123
0.00525316
0.00791094
0.00223524
7.04684e-05
0.00867487
0.0078885
0.00345107
0.00270524
0.00441182
0.00372612
0.00145264
0.00274514
0.00451849
0.00515298
0.00215363
0.00853481
0.00144233
0.0022521
0.00217612
0.00110878
0.00881059
0.00501818
0.000963806
0.000977734
0.00390132
0.00114098
0.00302622
0.00608589
0.00296561
0.00506712
0.00964643
0.00454052
0.0113421
0.000983815
0.00462314
0.00127564
0.0097314
0.000573553
0.0061184
0.00758815
0.00270777
0.005006
0.000254471
0.000631416
0.0072345
0.00147107
0.00318181
0.00412494
0.00273806
0.00746747
0.00398309
0.00245936
0.00563723
0.0056883
0.00855856
0.0107027
0.00351616
0.000813277
0.00418146
0.00261482
7.2463e-05
0.00635374
0.00171687
0.00440778
0.00593251
0.000901455
0.00447155
0.00903646
0.00139163
0.000621562
0.00519837
0.0146411
0.0060753
0.00933668
0.00957337
0.000399129
0.00271003
0.00228631
0.000652808
0.00720124
0.00780979
0.0130957
0.0055664
0.00851445
0.00790167
0.00761907
0.00537168
0.00183366
0.00541175
0.0112384
0.0131375
0.0139623
0.00880336
0.00946686
0.00359574
0.00295312
0.00254421
0.00234304
0.00878207
0.00298123
0.00783259
0.00580072
0.00598062
0.00676502
0.0116408
0.000116749
0.0021838
0.00118232
0.00452273
0.00796849
0.0119578
0.0142446
0.00660839
0.00393942
0.00119167
0.00210899
0.00560403
0.00227027
0.00733636
0.0107037
0.00140016
0.0090756
0.00554169
0.00589101
0.0031715
0.00800991
0.00197661
0.00271125
0.00684825
0.00666124
0.00702655
0.00402934
0.0147951
0.00106871
0.00772934
0.00268188
0.00486376
0.00626518
0.00881172
8.22455e-05
0.00311129
0.00511581
0.00582815
0.00968019
0.00275756
0.00830355
0.00542552
0.0022768
0.00506729
0.00472
0.0112093
0.0123698
0.00614219
0.00426852
0.00394883
0.0022356
0.00290689
0.000959848
0.00195603
0.00214351
0.00540012
0.00664744
0.00740467
0.00680396
0.00276608
0.00176719
0.00394497
0.00448114
0.00179645
0.00243761
0.000161588
0.00408618
0.00712809
0.00610664
0.00134737
0.000429439
0.000981833
0.00531704
0.00833696
0.0019548
0.000525345
0.000976999
0.0040228
0.000320399
0.000759255
0.00442759
0.00279977
0.00400964
0.00179766
0.00130494
0.000490342
0.00457616
0.00705768
0.00198261
0.00178647
0.000593621
0.00245338
0.000690568
0.00219609
0.00056414
0.000927211
0.00141129
0.00266795
0.00828192
0.00111137
0.00121934
0.00211017
0.00439721
0.00467827
0.00925304
0.00600466
0.00187799
0.00369671
0.00352614
0.00224157
0.00445037
0.0011885
0.00638308
0.00165889
0.00218227
0.00392919
0.00111381
0.00734997
0.00127693
0.000347519
0.000852232
0.0064564
0.00315138
0.00101624
0.00170389
0.00392984
0.00940866
0.0102884
0.00045253
0.0002801
0.00202004
0.00131656
0.00487921
0.00195421
0.00953972
0.00852445
0.0107341
0.00161372
0.0074825
0.00640982
0.00480762
0.00257789
0.00498692
0.00970212
0.00948791
0.0151024
0.0106321
0.000292354
0.00531443
0.00126552
0.00605588
0.00254169
0.0047917
0.0021638
0.000635291
0.00170842
0.00141533
0.00196715
0.00206643
0.00272656
0.00137615
0.00267405
0.00165035
0.0118949
0.000305507
0.00654341
0.00300665
0.00103913
0.0116799
0.000156248
0.000164101
0.0047866
0.00153663
0.00125073
0.00108101
0.00873061
0.00728623
0.0152666
0.00223005
0.0110663
0.00251957
0.00185323
0.00165101
0.00773132
5.52692e-05
0.00691641
0.00899758
0.00262912
2.78651e-05
0.00183318
0.00385251
0.00216492
0.00126476
0.000579432
0.00369055
0.000539566
0.00728676
0.00697421
0.00530697
0.000103664
0.00147019
0.000769613
0.00454065
0.00176605
0.00158614
0.011156
0.00278981
0.00784036
0.00205865
0.0031105
0.00722645
0.00326704
0.00576286
0.00644119
0.000590033
0.0045536
0.00874037
0.0047573
0.00200775
0.00116218
0.00453128
0.00144169
0.00376359
0.00258556
0.00269399
0.000526913
0.00519075
0.00552469
0.00704607
0.00606987
0.00490872
0.000657089
0.00166899
0.00414781
0.00631486
0.00223685
0.0124441
0.00201745
0.00644171
0.00140021
0.0106459
0.00299988
0.00658515
0.00130136
0.00884181
0.00325647
4.50304e-06
0.00536408
0.0023744
0.000528543
0.00214423
0.00441621
0.00155827
0.00265195
0.00779223
0.00646299
0.000585668
0.00607564
0.00366455
0.00314265
0.00668964
0.00623331
0.000856224
0.00610637
0.0038876
0.00610673
0.00321229
5.65275e-05
0.00352835
0.00268869
0.00124851
0.00618128
0.00152252
0.00310163
0.00491853
0.00163014
0.00386217
0.00482908
0.00443
0.00594493
0.000729312
0.00318932
0.00370505
0.00679522
0.000258452
0.000246597
0.0106463
0.00303295
0.000515682
0.00356626
0.00315374
0.00248157
0.00219928
0.000534768
0.00154578
0.00430306
0.00662748
0.011601
0.00349083
0.00623553
0.00449871
0.000631663
0.0072818
0.00828283
0.0131341
0.00764687
0.00495681
0.00995006
0.000925484
7.63204e-05
0.000757036
0.000249853
0.00193433
0.000192924
0.0106968
0.00175991
0.0056089
0.00675629
0.00514724
0.00168017
0.00253008
0.00866154
0.00313987
0.00195183
0.0101552
0.0102121
0.0110598
0.0102152
0.00647603
0.00252743
0.000417273
0.00280262
0.00282826
0.00427954
0.00687987
0.000481626
0.00155543
0.0109983
0.00646161
0.00144414
0.0010483
0.00267872
0.00187447
0.00969013
0.0121958
0.00725711
0.00276355
0.0107588
0.00322378
0.00120082
0.00369554
0.00455077
0.00304324
0.00322989
0.00443412
0.00648834
0.00341927
0.00708079
0.00824723
0.00118842
0.000442501
0.00761476
0.00664804
0.00154742
0.00841851
0.00464498
0.013473
0.00905218
0.00178779
0.00617844
0.00356165
0.00330996
0.0011412
0.00147574
0.00579978
0.00151013
4.05958e-05
0.00662437
0.00178334
0.0035749
0.00369115
0.00171779
0.0095382
0.000957905
0.00114597
0.00285307
0.00438241
0.00529903
0.00593009
0.00197738
0.00714345
0.000261406
0.00210553
0.00282322
0.00131245
0.000452966
0.00239833
0.00034382
0.00411906
0.000651417
0.00613555
0.00390495
0.00343738
0.00401237
0.00322049
0.00706696
0.00499444
0.000181617
0.00372199
0.000244451
0.00661795
0.00183089
0.00500106
0.00156354
0.00429182
6.37538e-05
0.00420781
0.00397865
0.002268
0.00316263
8.52186e-05
0.00491785
0.000345584
0.00486747
0.0017482
0.00113346
0.00495295
0.000662487
0.00560225
0.0019346
0.00446774
0.00467289
0.00635264
0.00549269
0.000393986
0.00196077
0.00188437
0.00872314
0.000571641
0.00620079
0.00198221
0.00579816
0.00333016
0.000929686
0.000524464
0.00341021
0.00402907
0.00244564
0.00270433
0.00914473
0.00289098
0.00368894
0.000615862
0.00800237
0.00873374
0.000109709
0.0066775
0.00452163
0.0100591
0.00739706
0.000879102
0.000141182
0.0059376
0.00346538
4.23673e-05
0.00984774
0.00922941
0.00052841
0.00330841
0.000176728
0.00228054
0.00132832
0.00192946
0.000177599
0.00539856
0.000789307
0.000785878
9.75378e-05
0.00101233
0.00214988
0.000262328
0.00666862
0.000594402
0.00319677
0.00136657
0.0107866
0.00677629
0.00610413
0.00275188
0.00281339
0.00433618
0.00121285
0.00207466
0.00181985
0.00527605
0.000926358
0.00431338
0.00739478
0.00188475
0.0048906
0.00122894
0.00505414
0.00509419
0.0041444
0.000565853
0.00716073
0.00511264
0.00633931
0.00333703
0.00449007
0.000589901
0.0011978
0.0101904
0.00105446
0.00863926
0.00515743
0.00210863
0.00566054
0.00351699
0.00524605
0.00226749
0.00541381
0.00749821
0.00318816
0.00364562
0.00662109
0.012124
0.00351554
0.00132216
0.00341564
0.00412178
0.00409099
0.00178384
0.00565378
0.00658172
0.00680332
0.000888492
0.00594082
0.00720092
0.000802001
0.00178681
0.00401228
0.00126148
0.00621906
0.00020667
0.00839889
0.00267163
0.00407272
0.000177278
0.00518305
0.00307927
0.00137144
0.00416625
0.00682576
0.00128367
0.00164301
0.00734775
0.00471141
0.00961169
0.00438316
0.00105301
0.00921823
0.0029492
0.000985569
0.00453019
0.000262275
0.00163414
0.00976167
0.000515438
0.0042306
0.00429746
0.00592111
0.00296164
0.00581962
0.000670957
0.00667569
0.00262402
0.00213816
0.00582711
0.000172411
0.000175022
0.00796312
0.00610789
0.00646649
0.00409492
0.00430752
0.00308051
0.00719115
0.00534149
0.00824791
0.004275
0.00668333
0.00249554
0.00252639
0.00506939
0.00359559
0.003143
0.00307334
0.000579699
0.000145027
0.00729116
0.00236468
0.00548887
0.00746637
0.00311177
0.000554183
0.010068
0.000617701
0.000267611
0.00426795
0.0052832
0.00347783
0.00302931
0.0028035
0.00139281
0.00379827
0.00191708
0.00276953
0.00210875
0.00149194
0.00348265
0.00679623
0.00145982
0.00191644
0.0103285
0.00893519
0.00882786
0.00607272
0.00138498
0.00200277
0.000726209
0.00250005
0.00481371
0.00115229
0.00327863
0.00111623
0.00363123
0.0032417
0.000380719
0.00133451
0.00136184
0.00377511
0.00151443
0.00324186
0.00714864
0.00498876
0.00351536
0.00091898
0.00146182
0.00195771
0.00341429
0.00834324
0.00353721
0.0112425
0.00150573
0.00757614
0.00534184
0.00177836
0.00152532
0.00111352
0.000718022
0.00448977
0.00540191
0.00820943
0.00510454
0.0038452
0.0076342
0.00918614
0.00635277
0.00271292
0.000265426
0.00249239
0.000702459
0.00429247
0.000428051
0.000653486
0.00831339
0.00195465
0.000480484
0.000543151
0.00430283
0.00344521
1.04384e-05
0.00366247
0.00220098
0.00606213
0.000628295
0.00135736
0.00190387
0.00744275
0.00301574
0.00551398
0.00452547
0.00255329
0.00106525
0.00257953
0.000328248
0.000829809
0.00321577
0.000920978
0.00390942
2.94149e-06
0.000342436
5.88067e-05
0.00330858
0.00280487
0.00336427
0.00808789
0.00259956
0.000281863
0.00407407
0.00123566
0.00889502
0.0010746
0.00187962
0.00344952
0.0012325
0.0012316
0.00473253
0.00225366
0.000705925
0.00537689
0.00102507
0.0022197
0.00282965
0.0102845
0.00415185
0.000299702
0.0042512
0.00191826
0.00127674
0.00254578
0.00636735
0.00679946
0.00169683
0.000371482
0.00633669
0.00050708
0.00301498
0.000100655
0.00325591
0.00569692
0.00967533
0.00220057
0.00331428
0.00105645
0.00201539
0.00328747
0.00163475
0.00570849
0.00473988
0.00503344
0.0028259
0.00311579
0.00729283
0.00380403
0.00426536
0.00708264
0.00728576
0.00348105
0.00699507
0.0050965
0.00843254
0.00200254
0.00394386
0.00139787
0.000113365
0.00459264
0.00495874
0.00287445
0.0053123
0.00439586
0.00312147
0.00326357
0.00470692
0.00125932
0.00704838
0.00286319
0.0116553
0.00226427
0.00331105
0.00156346
0.00619138
0.00170502
0.00341038
0.00549519
0.0039192
0.000851297
0.00132741
0.00046132
0.00554507
0.000652323
0.0111197
2.88922e-05
0.000811946
0.000147348
0.000151638
0.000813031
0.00150778
0.00107157
0.00220839
0.000505584
0.00154192
0.0013432
0.000451371
0.00107104
0.00310792
0.00507427
0.00281614
0.00500697
0.00556652
0.00646521
0.00436517
0.000189513
0.00085024
0.00328687
0.00476531
0.00270861
0.000470201
0.00251368
0.00875136
0.00545967
0.00588124
0.000330655
0.00910427
0.00536015
0.00245144
0.00330637
0.00163897
0.00498685
0.00170662
0.00232795
0.00547643
0.000817655
0.00447719
0.00437575
0.00243487
0.00171914
0.000533986
0.000193991
0.00194847
0.00631657
0.00643259
0.00093197
0.00173862
0.00910638
0.00448982
0.00130718
0.00253734
0.000378865
0.00112235
0.00196479
0.00499461
0.00563802
0.00221195
0.000569711
0.0076375
0.00198408
0.00140833
0.000835466
0.000172172
0.00377057
0.00329584
0.000983264
0.00240419
0.00414542
0.00285256
0.00249083
0.0017184
0.00502912
0.00397849
0.00215395
0.00278976
0.00244728
0.0024404
0.00366002
0.0018217
0.00269351
0.000183502
0.00102081
0.000585638
0.00174873
0.00115182
0.00822011
0.0064613
0.00129033
0.00220057
0.00353793
0.00554343
0.00796892
0.000463058
0.000169802
0.00201313
0.00211289
0.00230897
0.00481985
0.00304321
0.00523954
0.00125521
0.00482103
0.000745983
0.00399
0.00617115
0.00301879
0.00246251
0.00136432
0.000124023
0.00346768
0.000918082
0.00529601
0.000898041
0.00376279
0.00312279
0.000632018
0.00125927
0.00226102
0.00453757
0.00814959
0.00289777
0.000109263
0.00521269
0.00417231
0.010444
0.00190407
0.00190612
0.00545638
0.000459318
0.000246465
0.00596028
0.0106806
0.0090327
0.00601801
0.00479428
0.00639614
0.00900671
0.00920188
0.00978551
0.00600634
0.0080759
0.00822479
0.002759
0.00508021
0.0102899
0.00369537
0.000672234
0.00522723
0.0038837
0.000502233
0.000437676
0.00732425
0.0056199
0.00516024
0.00616273
0.0029259
0.00838076
0.00956311
0.00731548
0.00459413
0.00285165
0.00485421
0.00112834
0.00313061
0.000589059
0.000328194
0.00270009
0.00105466
0.00222339
0.00215098
0.00504048
0.00363615
0.00290261
0.00494569
0.00854835
0.00177927
0.00866332
0.0115913
0.00721952
0.00745511
0.00554071
0.00576888
0.00477959
0.0104804
0.00153533
0.00246921
0.00211959
0.00191158
0.00048794
0.0022201
0.000230077
0.00386672
0.0112539
0.00337812
0.00449102
0.00222515
0.00611819
0.00318677
0.0127416
0.00276973
0.00545195
0.00423287
0.00677526
0.00313209
0.0045937
0.0114388
0.000508364
0.000196104
0.000455735
0.00560471
0.00624131
0.000630983
0.00871725
0.00806055
0.00519457
0.0026897
0.00637392
0.00607022
0.00148937
0.00149463
0.000564707
0.00224018
0.00146259
0.0055573
0.00702133
0.00208455
0.00887212
0.00377102
0.00252121
0.000767906
0.00390372
0.00481915
0.00209856
0.00659838
0.00696221
0.00680281
0.00241916
0.000184951
0.00252414
0.0116716
0.0019241
0.00370791
0.0027189
0.00818339
0.00523716
0.00336709
0.00447855
0.00315296
0.00142907
0.00644003
0.00144941
0.00443281
0.00300927
0.00397447
0.000366789
0.00460632
0.000730126
0.00202534
0.000324121
0.00300323
0.00378603
0.000518951
0.00756871
0.0012039
0.00573839
0.0042502
0.00332169
0.000209322
0.00480048
0.000519313
0.001706
0.00779797
0.00674841
0.0015824
0.0021149
0.00286444
0.0030871
0.000642492
0.00247362
0.000225455
0.00134679
0.00330653
0.00138129
0.00153212
0.00258015
0.0019598
0.00237334
0.00270617
0.00649174
0.0065047
0.00551496
0.00973338
0.0109733
0.0122013
0.0117796
0.0081215
0.010096
0.00612152
0.0108039
0.00489096
0.00936951
0.00874704
0.00789821
0.00206389
0.00309495
0.00653462
0.00480251
0.0015251
0.00608065
0.00108409
0.00716016
0.00136918
0.00872758
0.00100759
0.00755591
0.00299743
0.00431695
0.000349289
0.000969103
0.0051822
0.000577154
0.00309791
4.14162e-06
0.0138208
0.000652548
0.00588087
0.001091
0.00467914
0.00372806
0.00464044
0.00310276
0.00862579
0.0117694
0.00561306
0.0146167
0.0083282
0.0097772
0.00861986
0.00313367
0.00677616
0.00408082
0.0050049
0.00959686
0.000902037
0.0074986
0.00931553
0.00551924
0.00335381
0.00472477
0.00715461
0.00510738
0.00510768
0.00495371
0.00419383
0.00836566
0.0119279
0.00577484
0.00555594
0.00419256
0.0082747
0.00272302
0.00360967
0.00186971
0.0100487
0.0108525
0.00194067
0.002977
0.00139421
0.00782824
0.00980279
0.00172683
0.0101193
0.00672384
0.000183114
0.0103699
0.00701968
0.00269135
0.000776972
0.000324017
0.00736514
0.00668342
0.0040346
0.0104271
0.000136527
0.00484478
0.00184426
0.00193442
0.00365663
0.00144368
0.000318901
0.00364934
0.00696328
0.00921413
0.00951521
0.00637699
0.000827016
0.00169692
0.0063776
0.00416583
0.00432793
0.00479555
0.0054998
0.00571047
0.00611946
0.00185063
0.000724765
0.00243875
0.00206363
0.00013198
0.00337479
0.000967431
0.00211944
0.00320684
0.00530408
0.00235151
0.00210698
0.000999632
0.00751511
0.00407255
0.000616772
0.00202839
0.00230809
0.000519491
0.00151015
0.00270738
0.00450741
0.00515363
0.00664297
0.000756532
0.00249332
0.00337463
0.000935104
0.00810238
0.0107806
0.00717959
0.00574694
0.00210481
0.00821812
0.00779659
0.000737818
0.00145257
0.000236214
0.00617484
0.00354198
0.00288222
0.000100732
0.00220635
0.00104314
0.00211194
0.00940163
0.00868936
0.0141574
0.00829608
0.0168013
0.0146965
0.0141902
0.0149101
0.0125514
0.015223
0.00962558
0.0116064
0.0206826
0.013968
0.00868827
0.0132078
0.0116289
0.00924165
0.00630526
0.00381338
0.00874562
0.0119644
0.0126393
0.012906
0.00889121
0.00776702
0.0111884
0.0158156
0.0120523
0.0100312
0.00676583
0.008493
0.0162456
0.00715663
0.0134598
0.0101397
0.00483326
0.00942136
0.00208494
0.00686354
0.00506968
0.0075392
0.00809636
0.0128361
0.0151212
0.0109561
0.00339673
0.0105877
0.0105599
0.00898707
0.00412427
0.0105413
0.0069543
0.012649
0.00654532
0.000129018
0.00357503
0.00200436
0.000287768
0.00361303
0.00528522
0.00772812
0.00829121
0.0101897
0.0139805
0.00610878
0.0117486
0.0143968
0.0061694
0.0047859
0.0040326
0.00841108
0.00732145
0.00472573
0.00518424
0.00438399
0.00796172
0.00221888
0.00544989
0.00347109
0.000187147
0.00128551
0.00462443
0.0130021
0.000727531
0.00406073
0.00109113
0.00178499
0.00559897
0.00566218
0.00387134
0.00871748
0.00592677
0.0046784
0.00863981
0.00760252
0.00735204
0.00168736
0.000375868
0.00200715
0.00336831
0.00910969
0.00339982
0.00658238
0.00991846
0.000688141
0.00248057
0.00682519
0.0101207
0.0051501
0.00383468
0.00819117
0.00162559
0.00356198
0.00839097
0.00210742
0.000375173
0.00106757
1.93172e-05
0.00331675
0.00302788
0.00175113
2.70569e-05
0.000547705
0.00491159
0.00596093
0.00629532
1.21216e-05
0.00797417
0.00450558
0.00239941
0.00453117
0.00491392
0.00348823
0.00866292
0.00011562
0.000583906
0.00210803
0.00338838
0.00608265
0.000692734
0.00402694
0.00468088
0.00773151
0.00421715
0.00234541
0.000202405
0.00185551
0.00282258
0.00079565
0.0037123
0.00257823
0.00789294
0.00512914
0.00062527
0.00369723
0.00224903
0.000562654
0.00456286
)
;

boundaryField
{
    hotSide
    {
        type            fixedGradient;
        gradient        nonuniform List<scalar> 
400
(
321.511
322.87
325.591
329.677
335.133
341.965
350.181
359.788
370.794
383.208
397.037
412.289
428.971
447.088
466.647
487.651
510.105
534.011
559.372
586.191
323.738
325.08
327.767
331.802
337.194
343.949
352.078
361.591
372.498
384.81
398.537
413.687
430.268
448.289
467.755
488.672
511.043
534.872
560.161
586.913
326.149
327.47
330.116
334.091
339.406
346.071
354.099
363.503
374.296
386.491
400.101
415.136
431.606
449.52
468.885
489.706
511.988
535.735
560.948
587.63
328.704
330
332.597
336.503
341.73
348.292
356.205
365.485
376.15
388.215
401.695
416.604
432.954
450.753
470.009
490.73
512.919
536.579
561.714
588.325
331.33
332.599
335.142
338.97
344.099
350.546
358.332
367.477
378.003
389.928
403.271
418.047
434.27
451.949
471.095
491.712
513.807
537.382
562.439
588.978
333.918
335.158
337.643
341.389
346.414
352.74
360.392
369.397
379.779
391.562
404.765
419.407
435.503
453.065
472.101
492.618
514.622
538.114
563.096
589.569
336.321
337.531
339.959
343.622
348.544
354.751
362.274
371.142
381.385
393.031
406.101
420.618
436.595
454.047
472.983
493.409
515.33
538.747
563.663
590.076
338.36
339.543
341.92
345.509
350.339
356.44
363.847
372.595
382.718
394.244
407.2
421.608
437.485
454.844
473.695
494.045
515.897
539.253
564.114
590.478
339.852
341.015
343.352
346.885
351.645
357.665
364.985
373.643
383.675
395.113
407.984
422.312
438.116
455.407
474.197
494.491
516.294
539.606
564.428
590.758
340.643
341.795
344.11
347.613
352.334
358.311
365.584
374.193
384.176
395.567
408.393
422.679
438.443
455.699
474.456
494.722
516.498
539.788
564.589
590.901
340.643
341.795
344.11
347.613
352.334
358.311
365.584
374.193
384.176
395.567
408.393
422.679
438.443
455.699
474.456
494.722
516.498
539.788
564.589
590.901
339.852
341.015
343.352
346.885
351.645
357.665
364.985
373.643
383.675
395.113
407.984
422.312
438.116
455.407
474.197
494.491
516.294
539.606
564.428
590.758
338.36
339.543
341.92
345.509
350.339
356.44
363.847
372.595
382.718
394.244
407.2
421.608
437.485
454.844
473.695
494.045
515.897
539.253
564.114
590.478
336.321
337.531
339.959
343.622
348.544
354.751
362.274
371.142
381.385
393.031
406.101
420.618
436.595
454.047
472.983
493.409
515.33
538.747
563.663
590.076
333.918
335.158
337.643
341.389
346.414
352.74
360.392
369.397
379.779
391.562
404.765
419.407
435.503
453.065
472.101
492.618
514.622
538.114
563.096
589.569
331.33
332.599
335.142
338.97
344.099
350.546
358.332
367.477
378.003
389.928
403.271
418.047
434.27
451.949
471.095
491.712
513.807
537.382
562.439
588.978
328.704
330
332.597
336.503
341.73
348.292
356.205
365.485
376.15
388.215
401.695
416.604
432.954
450.753
470.009
490.73
512.919
536.579
561.714
588.325
326.149
327.47
330.116
334.091
339.406
346.071
354.099
363.503
374.296
386.491
400.101
415.136
431.606
449.52
468.885
489.706
511.988
535.735
560.948
587.63
323.738
325.08
327.767
331.802
337.194
343.949
352.078
361.591
372.498
384.81
398.537
413.687
430.268
448.289
467.755
488.672
511.043
534.872
560.161
586.913
321.511
322.87
325.591
329.677
335.133
341.965
350.181
359.788
370.794
383.208
397.037
412.289
428.971
447.088
466.647
487.651
510.105
534.011
559.372
586.191
)
;
    }
    coldSide
    {
        type            mixed;
        refValue        uniform 300;
        refGradient     uniform 0;
        valueFraction   uniform 0.991591;
        source          uniform 0;
        value           nonuniform List<scalar> 
400
(
300.018
300.028
300.011
300.032
300.025
300.028
300.003
300.018
300.033
300.03
300.038
300.028
300.042
300.022
300.044
300.042
300.039
300.028
300.043
300.058
300.026
300.028
300.039
300.016
300.019
300.014
300.03
300.02
300.024
300.026
300.046
300.042
300.034
300.036
300.018
300.046
300.048
300.042
300.035
300.044
300.007
300.042
300.007
300.03
300.033
300.029
300.038
300.043
300.033
300.025
300.047
300.042
300.025
300.049
300.023
300.042
300.041
300.036
300.05
300.032
300.005
300.055
300.032
300.029
300.025
300.023
300.056
300.026
300.034
300.035
300.054
300.028
300.027
300.04
300.058
300.023
300.053
300.061
300.039
300.055
300.018
300.02
300.022
300.047
300.055
300.032
300.03
300.024
300.043
300.037
300.06
300.045
300.031
300.047
300.026
300.026
300.042
300.023
300.021
300.023
300.03
300.026
300.028
300.046
300.029
300.032
300.018
300.015
300.036
300.012
300.042
300.037
300.019
300.024
300.054
300.051
300.049
300.037
300.015
300.032
300.038
300.024
300.033
300.042
300.03
300.026
300.038
300.032
300.016
300.03
300.035
300.018
300.031
300.02
300.044
300.031
300.048
300.036
300.024
300.049
300.037
300.021
300.018
300.025
300.032
300.04
300.035
300.029
300.051
300.023
300.023
300.03
300.027
300.022
300.044
300.047
300.042
300.049
300.057
300.043
300.055
300.024
300.021
300.035
300.03
300.027
300.037
300.049
300.023
300.026
300.027
300.029
300.048
300.037
300.025
300.02
300.043
300.033
300.037
300.039
300.039
300.062
300.022
300.033
300.016
300.048
300.023
300.042
300.038
300.028
300.034
300.045
300.031
300.042
300.028
300.029
300.034
300.04
300.022
300.051
300.025
300.023
300.034
300.031
300.028
300.039
300.032
300.026
300.023
300.031
300.018
300.032
300.026
300.041
300.046
300.05
300.052
300.035
300.023
300.041
300.022
300.02
300.026
300.053
300.029
300.026
300.036
300.044
300.039
300.05
300.038
300.053
300.048
300.014
300.03
300.021
300.019
300.041
300.041
300.053
300.03
300.036
300.037
300.039
300.036
300.043
300.032
300.036
300.018
300.038
300.045
300.031
300.024
300.035
300.036
300.057
300.033
300.045
300.046
300.05
300.032
300.022
300.035
300.032
300.023
300.039
300.031
300.047
300.045
300.029
300.049
300.033
300.05
300.02
300.037
300.047
300.04
300.033
300.042
300.063
300.007
300.026
300.02
300.047
300.026
300.033
300.018
300.028
300.043
300.056
300.031
300.036
300.037
300.031
300.018
300.02
300.053
300.045
300.026
300.056
300.041
300.034
300.046
300.035
300.048
300.015
300.041
300.038
300.037
300.016
300.021
300.05
300.043
300.021
300.031
300.051
300.029
300.037
300.051
300.041
300.021
300.032
300.031
300.026
300.037
300.013
300.031
300.015
300.023
300.045
300.055
300.041
300.025
300.044
300.023
300.059
300.012
300.047
300.049
300.052
300.049
300.021
300.048
300.026
300.025
300.033
300.055
300.028
300.044
300.002
300.036
300.03
300.051
300.033
300.017
300.032
300.044
300.045
300.041
300.037
300.013
300.029
300.006
300.031
300.038
300.029
300.024
300.034
300.044
300.022
300.033
300.028
300.033
300.036
300.044
300.047
300.044
300.034
300.047
300.044
300.008
300.025
300.033
300.029
300.032
300.037
300.045
300.025
300.033
300.014
300.045
300.022
300.034
300.026
300.034
300.041
300.053
300.047
300.044
300.054
)
;
    }
    adiabaticPlanes
    {
        type            fixedGradient;
        gradient        uniform 0;
    }
}

