/*--------------------------------*- C++ -*----------------------------------*\
| =========                 |                                                 |
| \\      /  F ield         | OpenFOAM: The Open Source CFD Toolbox           |
|  \\    /   O peration     | Version:  2212                                  |
|   \\  /    A nd           | Website:  www.openfoam.com                      |
|    \\/     M anipulation  |                                                 |
\*---------------------------------------------------------------------------*/
FoamFile
{
    version     2.0;
    format      ascii;
    arch        "LSB;label=32;scalar=64";
    class       volScalarField;
    location    "0";
    object      relativeErrorField;
}
// * * * * * * * * * * * * * * * * * * * * * * * * * * * * * * * * * * * * * //

dimensions      [0 0 0 1 0 0 0];

internalField   nonuniform List<scalar> 
3200
(
0.0166808
0.0116922
0.00736446
0.00976776
0.0130467
0.00893157
0.00525247
0.00912262
0.018109
0.0110517
0.0217811
0.0103017
0.0108255
0.0140955
0.00990073
0.00444986
0.0151654
0.0199897
0.0135995
0.0121725
0.0106959
0.00454695
0.016554
0.0106431
0.0100779
0.0116583
0.0113308
0.0166622
0.0197425
0.0102835
0.0150359
0.0139106
0.0140926
0.0155096
0.0187308
0.00535653
0.00911664
0.0160296
0.0110563
0.00747127
0.0112408
0.0110717
0.0100562
0.0166296
0.00533575
0.013157
0.013876
0.00529091
0.012394
0.00862533
0.0160558
0.00583411
0.0143806
0.00865143
0.00723356
0.0161523
0.0135813
0.0101354
0.0115389
0.00771398
0.0167259
0.00401251
0.0032137
0.0150798
0.00388682
0.0112099
0.0131941
0.0055178
0.0147952
0.00876377
0.00630389
0.014486
0.00663049
0.0112879
0.00877756
0.0114503
0.00490249
0.00790515
0.001487
0.00212506
0.00255725
0.00813195
0.00441357
0.00824664
0.00705958
0.00140321
0.00101843
0.00638642
0.00454739
0.00879229
0.00189434
0.00371762
0.00849716
0.0140975
0.0103126
0.0139772
0.00675726
0.00972619
0.00329519
0.011648
0.0144329
0.0020015
0.00358059
0.00965888
0.0019878
0.00130718
0.000949242
0.00261622
0.00761775
0.00267552
0.0125979
0.0029437
0.00344168
0.00308963
0.00778448
0.00498151
0.0101283
0.00190102
0.00715439
0.00754315
0.00254768
0.00318343
0.00776125
0.000804779
0.000161182
0.000463615
0.00910378
0.00707311
0.00528571
0.00666045
0.00267538
0.00256039
0.00545344
0.0034319
0.00866103
0.000601107
0.0133182
0.00412816
0.00597593
0.00260415
0.00151176
0.00231087
0.00120025
7.55272e-05
0.000252617
0.00508954
0.00774161
0.000694862
0.00205742
0.00636812
0.000840243
0.00464699
0.00052176
0.000298204
0.00207506
0.00139375
0.000393801
0.00877359
0.00585137
0.00463523
0.00402014
0.0134893
0.0152752
0.0153052
0.00846392
0.0075046
0.0172102
0.0105076
0.0121048
0.0122526
0.0131941
0.0130682
0.00599589
0.0105789
0.000729945
0.0104432
0.0150305
0.003154
0.00931518
0.00964011
0.00820606
0.0021077
0.0126466
0.0067629
0.0101836
0.00222911
0.0076338
0.00100842
0.0106448
0.00373939
0.00101434
0.00665433
0.0019376
0.0114645
0.000855747
0.0103969
0.00043377
0.00909651
0.000224519
0.0142842
0.00273661
0.0045226
0.00672221
0.00729489
0.00554561
0.0188295
0.00770312
0.00876293
0.0130645
0.0122556
0.0122574
0.0124002
0.0122556
0.00696872
0.0100286
0.0139786
0.00196066
0.00646499
0.00558007
0.00384393
0.00963864
0.0083183
0.011688
0.0120213
0.00324643
0.00283508
0.0066709
0.0111363
0.00933328
0.00715308
0.0138543
0.0080314
0.00332274
0.00313046
0.00406726
0.000789785
0.00390417
0.01289
0.000706742
0.0105224
0.00413102
0.0085567
0.00849007
0.00571962
0.00574992
0.00767135
0.00243726
0.00815383
0.00415123
0.00786951
0.00890729
0.00536688
0.00500108
0.00820851
0.0116913
0.00706912
0.00494109
0.00274826
0.00506698
0.00747438
0.00901068
0.00823921
0.0177338
0.0030252
0.00503903
0.00294203
0.00869043
0.000205673
0.00818716
0.00702363
0.00220691
0.00899097
0.00791804
0.00408985
0.00808281
0.00672002
0.000544007
0.00477852
0.00127126
0.00940379
0.00571914
0.00316419
0.0107617
0.000817175
0.00611616
3.60398e-05
0.0124825
0.00180804
0.00111007
0.000299605
0.00043127
0.0035519
0.00222568
0.00596996
0.00338292
0.0101313
0.00697805
0.00330702
0.00515482
0.000118892
0.00607123
0.0031636
0.00838888
0.00198853
0.00252285
0.00123092
0.00921624
0.00198719
0.00541159
0.00270772
0.000552331
0.00670939
0.000277288
0.00315244
0.00596509
0.00579556
0.00656685
0.0038694
0.00478725
0.000990237
0.00227547
0.00860422
0.0059615
0.0110795
0.00158784
0.00658009
0.0059957
0.00301143
5.24516e-05
0.0141784
0.00909332
0.0100697
0.00177724
0.00635225
0.0122756
0.00693424
0.00391567
0.00243491
0.0061856
0.00613938
0.01087
0.0130861
0.00062733
0.00466418
0.0151217
2.02405e-05
0.00734619
0.00226702
0.00568892
0.0110371
0.00757171
0.0117445
0.0121229
0.0140649
0.00781927
0.00437371
0.00527166
0.0051851
0.0092476
0.00874281
0.00435354
0.00625757
0.00954766
0.012749
0.0112295
0.00575869
0.00295684
0.00834638
0.00420069
0.00989488
0.00187668
0.00365802
0.00917844
0.0067311
0.000109153
0.0032747
0.00459505
0.00348856
0.00197266
0.00955938
0.000509338
0.00383766
0.00436763
0.00364763
0.00734792
0.00565775
0.00553469
0.00108376
0.007238
0.00505741
0.0148402
0.00570134
0.00926477
0.00560327
0.000779812
0.00103578
0.00565236
0.00877541
0.00132369
0.00604139
0.00166758
0.00340092
0.00157417
0.00460577
0.00719904
0.00690614
0.00563792
0.000429181
0.0039424
0.00421763
0.00679827
0.000649507
0.0153436
0.00461214
0.0071546
0.00103395
0.00682516
0.0063127
0.000651109
0.00884627
0.000462126
0.000930256
0.0180656
0.00374384
0.00152743
7.83649e-05
0.0130822
0.00644848
0.00512663
0.00583355
0.00980512
0.00637255
0.00776746
0.000105582
0.00404361
0.00683648
0.00358068
1.45407e-05
0.00183201
0.00860082
0.00243694
0.00223142
0.00215952
0.00297116
0.00157156
0.00539359
9.81067e-05
0.00516167
0.00036524
0.00275123
0.000700464
0.00503652
0.00686399
0.000936773
0.00593404
0.00383296
0.00421636
0.000657141
0.0072479
0.0032449
0.00187433
0.00230485
0.00484859
0.00100501
0.00754736
0.00194968
0.00330812
0.00478449
0.00643707
0.00263351
0.00265232
0.00479891
0.00261425
0.00639715
0.00130168
0.00192003
0.00164443
0.00376099
0.00716698
0.00023271
0.00439369
0.00103408
0.00694552
0.0005131
0.00044448
0.00266457
0.00370373
0.006709
0.00516676
0.0107967
0.00612567
0.00921178
0.00316901
0.00816091
0.00183407
0.00299461
0.000410971
0.00681889
0.00145247
9.33253e-05
3.47127e-05
0.00342803
0.00286731
0.00701059
0.00850785
0.0016058
0.00129744
0.000475644
0.00258937
0.00207632
0.000673501
0.00636874
2.75774e-05
0.00302018
0.000250572
0.00502213
0.000470123
0.00233213
0.000983179
0.0036216
0.00453616
0.00308442
0.00343165
0.0026282
0.00324238
0.00231528
0.00496508
0.00498975
0.00392829
0.00621549
0.00392211
0.00340498
0.0137326
0.00399678
0.00169714
0.00197942
0.00452244
0.0068634
0.00459546
0.00376411
0.00271672
0.00684769
0.00595059
0.0028612
0.00140136
0.00335905
0.00497105
0.00678582
0.00790095
0.00505569
0.00353571
0.0102758
0.00615951
0.00255847
0.00392457
0.00534048
0.00495402
0.00182192
0.00390639
9.47242e-05
0.000783808
0.000135981
0.00422925
0.000916445
0.00618166
0.00510141
0.00744254
0.00179695
0.00489912
0.00719924
0.00440504
0.00515896
0.00509595
0.00117418
0.000979594
0.00190532
0.000490941
0.00160929
0.0104659
0.00508657
0.00914155
0.00406621
0.00231548
0.00602353
0.000533516
0.00437276
0.00433877
0.00576122
0.0102085
0.000429582
0.000216745
0.00058478
8.60961e-05
0.00723337
0.00661779
0.00135076
0.00342174
0.000426829
0.00127082
0.00477221
0.00328419
0.00525335
0.00332768
0.00599134
0.00290131
0.00155006
0.00645095
0.00427636
0.00511518
0.0044529
0.003125
0.00466195
0.00766728
0.00292246
0.00247378
0.00193236
0.000542014
0.00533346
0.0044184
0.000298788
0.000820039
0.0018414
0.00480001
0.00236703
0.00382979
0.00630867
4.21486e-05
0.00452119
0.00210125
0.00783842
0.00295733
0.0094905
0.00020791
0.00575269
0.00740615
0.00133983
0.00781957
0.00850912
0.00104802
0.00333424
0.00298932
0.00412732
0.00310409
0.00103914
0.00173716
0.00513336
0.00575143
0.00342483
0.000766533
0.00558955
0.00107306
0.00157008
0.00823926
0.000189457
0.000904429
0.0052863
0.00129496
0.00549852
0.00402168
0.00301835
0.00122951
0.000440696
0.00341528
0.00328966
0.00210835
0.00236731
0.00121637
0.00162148
0.00388422
0.0105879
0.00308156
0.00118268
0.00430289
0.00502476
0.00138449
0.000536013
0.00132313
0.00438144
0.00080032
0.00321155
0.0055012
0.000678485
0.00449422
0.000201537
0.00286911
0.00267778
0.00317093
0.00632978
0.00303593
0.0044391
0.00562177
0.000241953
0.0027669
0.000991117
0.00180671
0.00162099
0.00136821
0.00734807
0.000817089
0.00739796
0.00407186
0.00280205
0.00516391
0.00476636
0.00262739
0.00146255
0.00176091
0.00224054
0.00122118
0.00236294
0.000355596
0.00162437
0.00412558
0.00361961
0.00484515
0.0036666
0.00272186
0.00401676
0.00344886
0.00263679
0.00240213
0.00197756
0.000432535
0.000315803
0.00824785
0.00422574
0.00417829
0.0021254
0.00508699
0.0051497
0.00709089
0.00692734
0.00283199
0.0053242
0.00481434
0.000902303
0.00172343
0.00139715
0.00494981
0.000512414
0.000825032
0.00948487
0.00578829
0.0062491
0.00369991
0.00716518
0.000383912
0.000435423
0.0109878
0.0024543
0.0013284
0.00306958
0.00490732
0.00288234
0.00808195
0.00116972
0.00598627
0.0021494
0.00375418
0.00917883
0.00343276
0.000472605
0.00359172
0.000592271
0.00471413
0.00334992
0.000134758
0.00311885
0.00636921
0.000333481
0.00221639
0.00219999
0.00223106
0.00260923
0.000161652
0.000777014
0.000464882
0.00313362
0.00258763
0.000958798
0.00195801
0.00680864
0.00615196
0.00405084
0.00233349
0.00197744
0.0011289
0.00329868
0.00307417
0.00213975
0.000728497
0.00257142
0.00192826
0.000199526
0.0084144
0.00354126
0.000220424
0.000264828
0.010197
0.000572713
0.0122451
0.00230675
0.00130043
0.00441958
0.00806798
0.00258923
0.00285542
0.0083874
0.00202442
0.00585789
0.00158113
0.00160485
0.00122366
0.00297058
0.00481522
0.00343193
0.00189899
0.00231967
0.00197797
0.00091869
0.00128057
0.0014857
0.00732685
0.00196019
0.00287062
0.000156738
0.0025175
0.000403006
0.000378649
0.00148769
0.00165978
0.00377711
0.000469065
0.00655028
0.000651904
0.00489762
0.00108166
0.00447965
0.000359348
0.00503126
0.00354578
0.00831287
0.00474619
0.00373096
0.00653999
0.00322108
0.00336969
0.00304088
0.00471559
0.00741125
0.00108655
0.00391536
0.000741261
0.000284294
0.00315286
0.00531271
0.00538963
0.00200219
0.000775945
0.0045205
0.00519443
0.0040205
0.00294218
0.00197684
5.17392e-05
0.00704649
0.00381207
0.000841675
0.00595623
0.00416191
0.000349742
0.0053671
0.0103946
0.000703078
0.00303558
0.000273148
0.0020062
0.00823635
0.000115559
0.00104214
0.000598691
0.00274709
0.00527816
0.000160382
0.000808498
0.00431351
0.000109084
0.00120301
0.0010714
0.00110037
0.00458679
0.00325355
0.00461174
0.000333406
0.00587005
0.00494452
0.00250546
0.00199915
0.007074
0.000827434
0.00314458
0.00222895
0.000274449
0.00477776
0.00111118
0.00430525
0.00258075
0.0010386
0.00223008
0.00790817
0.00411159
0.00335213
0.00165327
0.00464083
0.00258857
0.00269792
0.00462475
0.00571501
0.00117621
0.00707239
0.0108292
0.00384782
0.00167909
0.0070442
0.00249442
0.000459238
0.000983944
0.0063665
0.00114105
0.00722595
0.00268676
0.00207769
0.00760109
0.00483208
0.000791742
0.00673252
0.00439002
0.000769588
0.00244943
0.00784815
0.00798818
0.00337454
0.00652723
0.000725532
0.000451788
0.00556037
0.00817195
0.00202292
0.00328816
0.00575466
0.0079441
0.00483851
0.00157275
0.00408991
0.00447613
0.00313124
4.49782e-05
0.0060196
0.00646849
0.000347342
0.00515002
0.00236171
0.00299814
0.0021441
0.00765244
0.00182431
4.6691e-05
0.00183665
0.00929334
0.00296078
0.000243729
0.00470029
0.0082106
0.00779503
0.00999145
0.00407999
0.00572081
0.0030449
0.00179133
0.0041319
0.00273595
0.00220758
0.00273144
0.00618306
0.000433434
0.00471057
0.00473623
0.00738642
0.00362799
0.00696087
0.0023741
0.00334256
0.000366789
0.010516
0.00388942
0.00103435
0.00455316
0.00210515
2.65801e-05
0.00250263
0.00167032
0.00100898
0.00664122
0.00356493
0.00109171
0.00258215
0.00275613
0.00288283
0.00256614
0.00455174
0.00394742
0.00167813
0.00487338
0.00252757
0.000375869
0.00353633
0.00732845
0.000816182
0.000979268
0.00182679
0.00168229
0.00413084
0.0114771
0.00153158
0.00241919
0.00877119
0.00488151
0.00220072
0.00228628
0.00272837
0.00483647
0.000940648
0.00727071
0.00416723
0.00553896
0.00321655
0.00482257
0.00032995
0.00596788
0.00392096
0.00277998
0.000363953
0.0026538
0.00308599
0.00596178
0.00648933
0.000109673
0.00306761
0.00292796
0.00760012
0.0143948
0.00441546
0.00411377
0.00484641
0.000777816
0.00228535
0.00275019
0.00351894
0.00358368
0.00244201
0.00265328
0.00126929
4.91094e-05
0.00428252
0.00421388
0.00020566
0.00709056
0.00165706
0.00371263
0.00310843
0.00544206
0.009177
0.00165119
0.00821526
0.00612974
0.00422294
0.00193728
0.00882604
0.00327683
0.00137456
0.00361085
0.00340425
0.00326526
0.00438439
0.00438732
0.000961392
0.00703825
0.00379181
0.00182065
0.0110637
0.00320362
0.00538655
0.00840196
0.000415916
0.00534797
0.00388345
0.00349375
0.00298842
0.00775133
0.00158501
0.00118433
0.0022256
0.00225267
0.00397915
0.000180592
0.00300523
0.000394286
0.00247526
0.0016245
0.00267773
0.00620199
0.00188856
0.00540103
0.00107654
0.00365943
0.00353909
0.000103349
0.00221433
0.00742124
0.00644578
0.00126379
0.000360338
0.00150671
0.00482539
0.00771041
0.00251737
0.0101986
0.0122978
0.00549651
0.00273
0.00629124
0.00985851
0.0073415
0.00617949
0.00685929
0.0101182
0.000320565
0.00508787
0.00602835
0.0105924
0.00032511
0.000183016
0.00110451
0.00341089
0.00722524
0.000742457
0.00430632
0.000883181
0.0047026
0.000191034
0.00178453
0.00635315
0.000708165
0.00969443
0.000700389
0.00399554
0.000796949
0.00986553
0.000537169
0.00180021
0.00139539
4.34587e-06
0.00348032
0.00274671
0.00704733
0.0017142
0.00283511
0.0103714
0.00383214
0.00667618
0.0010366
0.00340008
0.000248729
0.00564756
0.00236708
0.0105996
0.00454891
0.00355687
0.0034331
0.0040715
0.000444273
0.00292849
0.00454433
0.00334733
0.00177794
0.00350318
0.00373586
0.00282846
0.000600098
0.00746083
0.00881655
0.000345246
0.00193829
0.00184199
0.00141106
0.00176621
0.00981074
0.00409469
0.00210592
0.00147724
3.89442e-05
0.00314625
0.00024094
0.00611888
0.000619317
0.00139537
0.00444851
0.00545116
0.0049588
0.000971672
0.000993972
0.00636068
0.00417658
8.89799e-05
0.000389738
0.000529327
0.00302452
0.00524292
0.00220988
0.00727592
0.000385282
0.0028112
0.00593196
0.00101786
0.00611931
0.00716758
0.000900902
0.000778479
0.00332317
0.00280827
0.00334491
0.00805084
0.000248645
0.00334565
0.0074452
0.00475564
0.000750376
2.48594e-05
0.00703481
0.00226176
0.0043015
0.000553279
0.00179099
8.95218e-05
0.00788392
0.0016204
0.00124789
0.00223899
0.000688644
0.00153872
0.000129431
0.00759977
0.00328465
0.00746396
0.00184547
0.000841364
0.0048923
0.00312822
0.00983103
0.00498734
0.00630339
0.000210654
0.00252511
0.00176976
0.00025252
0.00256625
0.00120943
0.00164735
0.0103861
0.00218472
0.00169127
0.00241051
0.00341146
0.000749056
0.00276548
0.00351844
0.00115302
0.00302113
0.00112148
0.00838442
0.00552928
0.000853332
0.00846091
0.00347763
0.00690626
0.00255323
0.0133788
0.0017233
0.00667644
0.00999875
0.0101377
0.0123475
0.00507078
0.00986677
0.00115323
0.00603037
0.0120199
0.0162361
0.00541268
0.00784434
0.00443125
0.00898883
0.00375015
0.00239841
0.00949199
0.00994632
0.00297127
0.00376939
0.00945845
0.00157001
0.00430273
0.00704477
0.00565521
0.00833266
0.00956916
0.00510056
0.00257411
0.00548785
0.00258296
0.00878458
0.00400394
0.00436793
0.011025
0.00297463
0.00105657
0.0126695
0.00309075
0.00249063
0.00360506
0.0113292
0.00872314
0.00111281
0.00527517
0.00394876
0.000951486
0.00840833
0.00757849
0.00503755
0.00756028
0.00576944
0.00512847
0.00550972
0.00737491
0.0048221
0.0040303
0.00295583
0.00546051
0.00575035
0.0048419
0.0063692
0.00112059
0.00647341
0.00795142
0.00259351
0.0080556
0.00339859
0.00631343
0.00269437
0.00553686
0.000351453
0.000815412
0.00015001
0.00371722
0.000305944
0.00404015
7.9906e-05
0.00402962
0.00215899
0.00138612
0.00163764
0.00493236
0.00251278
0.00340805
0.00417447
0.000744189
0.00114006
0.00269123
0.00348296
0.00559937
0.00454467
0.00136753
0.0124125
0.00538512
0.000551902
0.00796767
0.00207306
0.00431469
0.00549462
0.0113822
0.00100858
0.00202161
0.00564029
0.00105063
0.0027805
0.00897701
0.00948544
0.00353165
0.00242569
0.0104876
0.00827783
0.0030731
0.000851128
0.000861384
0.00579816
0.000194319
0.00171247
0.00233942
0.00293409
0.00254846
0.00447847
0.0107985
0.000341256
0.00849612
0.00536753
0.00693101
0.00596473
0.00615211
0.00205065
0.00254202
0.00214883
0.00303168
0.00740152
0.00353163
0.00344899
0.00122476
0.00439077
0.00512471
0.00175549
4.5925e-05
0.00382452
2.75377e-05
0.00762854
0.00671296
0.00262525
0.00404212
0.00483375
0.00261073
0.00456982
0.00374033
0.0048344
0.00474614
0.00161119
0.00410969
0.00290174
0.0136083
0.00741286
0.0103756
0.0101837
0.00669624
0.00709626
0.0113586
0.0101571
0.00789215
0.0100424
0.00726041
0.00648099
0.00191146
0.00309417
0.00174685
0.00122016
0.00332557
0.00238272
0.00360462
0.00656863
0.00853686
4.83523e-05
0.00513672
0.000718371
0.00800948
0.000810356
0.000702731
0.00490783
0.00138841
0.0123134
0.00111327
0.0117566
0.00182396
0.00260483
0.00091978
0.00517867
8.71375e-05
0.0073812
0.00571435
0.0044938
0.00243356
0.00229316
0.0103372
0.00337343
0.0045403
0.00392481
0.00432965
0.00769756
0.00751512
0.00260668
0.0112772
0.00815158
0.0071811
0.0101649
0.00102014
0.00426684
0.00284799
0.00412226
0.0066652
0.00212779
0.00732479
0.00296782
0.00551228
0.000796463
0.000275556
0.00894483
0.00358628
0.00336899
0.00762696
0.00739004
0.00250403
0.00131958
0.00794965
0.00293887
0.00978925
0.000135195
0.00324315
0.000163011
0.00247586
4.48336e-05
0.00468606
0.00436005
0.000344993
0.00733474
0.00638563
0.00468485
0.0072334
0.000153302
0.00692044
0.000652629
0.00671111
0.00721114
0.00339623
0.0108028
0.00147705
0.00824285
0.000499637
0.00636357
0.000893045
0.0110766
0.00627622
0.00249756
0.00891897
0.00178722
0.00553279
0.0050343
0.00715702
0.00744222
0.00706253
0.00483445
0.00139892
0.00699001
0.00649499
0.000651196
0.00461618
0.00204546
0.00560779
0.00246042
0.000242553
0.00184558
0.00563034
0.00336436
0.00245263
0.00289124
0.00828766
0.00289452
0.00196602
0.00456663
0.00762055
0.000958904
0.00614123
0.00496193
0.00207145
0.00713269
0.00278746
0.00192528
0.00366988
0.003982
0.00262993
0.00700698
0.00143683
0.00177196
0.0024243
0.0102653
0.0036692
0.000334125
0.00393878
0.00121774
0.0031752
0.00203456
0.00350364
0.00155607
0.00168197
0.0053479
1.13358e-05
0.00686447
0.00474751
0.0100709
0.00867487
0.00923941
0.00987275
0.00348706
0.00512326
0.00216884
0.00984831
0.00670582
0.0100636
0.00848436
0.0100395
0.00975271
0.00372539
0.00390202
0.00809568
0.00877447
0.00448237
0.0063794
0.00337157
0.0043494
0.00954108
0.00384079
0.000625496
0.000321347
0.0110431
0.000198419
0.01353
0.000405996
0.000733497
0.00707501
0.00149442
0.0121183
0.000142888
0.0119787
0.000216708
0.00451871
0.00112765
0.00362911
0.000296337
0.00100778
0.00675826
0.000205519
0.00422181
0.0069601
0.00289154
0.00969204
0.00447804
0.00137954
0.00453327
0.000692902
0.00685179
0.010651
0.00671241
0.00980883
0.000513433
0.000776003
0.00473006
0.0121637
0.00423335
0.000766141
0.0039554
0.00360868
0.00706199
0.00524708
0.00575661
0.00707893
0.00596535
0.00110054
0.00779495
0.00379684
0.00543589
0.00485905
0.000798539
0.00840577
0.00104691
0.00157134
0.00649995
0.00456778
0.00327652
0.000258969
0.00105217
0.00248455
0.00176081
0.0081288
0.00227296
0.00457167
0.00107117
0.00692562
0.00113066
0.00541025
0.00817156
0.0015387
0.00654414
0.0048134
0.00594417
0.00336788
0.000565078
0.00132575
0.0017414
0.00830432
0.00591016
0.00243289
0.00187132
0.00220518
0.0029427
0.00791262
0.00662706
0.00368862
0.00141225
0.00328387
0.00185362
0.00979702
0.0028854
0.00759189
0.00797948
0.00204988
0.00964776
0.0101055
0.00154143
0.00350505
5.03616e-05
0.00204571
0.000557855
0.00422172
0.00517138
0.00858647
0.000246049
0.00252537
0.000426949
0.00427221
0.0047786
0.0079572
0.000139159
0.00438628
0.00891135
0.00518182
0.00431428
0.00222025
0.000391518
0.00107125
0.000747732
0.0046677
0.000474459
0.00397506
0.00175025
0.0033232
0.00272784
0.00105289
0.00287102
0.00475212
0.00171085
0.00862367
0.0112382
0.000138178
0.00440019
0.00401398
0.00813433
0.00458985
0.00276351
0.00140073
0.00372932
0.00563231
0.00689596
0.0145514
0.00346026
0.0150068
0.00572792
0.00774615
0.0121125
0.000616295
0.00984683
0.00814906
0.00663625
0.00990224
0.00725326
0.0024859
0.0108685
0.00272534
0.00501659
0.00519478
0.0166517
0.00620512
0.00722504
0.000809131
0.00766733
0.0158279
0.0118193
0.0119691
0.0013162
0.01153
0.00702204
0.0102889
0.0142927
0.00768948
0.00474101
0.0116089
1.64716e-05
0.00148591
0.00150202
0.00863708
0.000363114
0.00250379
0.000827693
0.0111261
0.00755852
0.00343689
0.00615011
0.00474465
0.0105054
0.0119944
0.00110454
0.00985596
0.00243409
0.00772375
0.00370318
0.0055925
0.00879356
0.0107398
0.00205931
0.00643103
0.00677994
0.0094639
0.00537951
0.00277437
0.000200526
0.00390225
0.000467054
0.0096488
0.0116828
0.00830053
0.0075537
0.00510464
0.00175859
0.00384402
0.00364542
0.0130179
0.00187194
4.81962e-05
0.00547387
0.00012517
0.00159008
0.0027999
0.00780312
0.00757399
0.000388327
0.000793931
0.0139988
0.00956629
0.00410168
0.00526102
0.00996581
0.00546333
0.00909286
0.00686538
0.00329582
0.00206009
0.000391072
0.00105735
0.00166101
0.000528152
0.00306178
0.00415711
0.00201654
0.000140193
0.00494596
0.00368696
0.000444831
0.00200304
0.00679318
0.00575281
0.00711862
0.00627565
0.00301431
0.00454597
0.00100334
0.00428296
0.00227611
0.00461294
0.00687096
0.00301847
0.000184319
0.00144205
0.00386652
7.56115e-05
0.00450432
0.00444203
0.00305802
0.00116961
0.00160661
0.00501626
0.00528872
0.000202905
0.00463495
0.00593103
0.00566704
0.00953672
0.00107094
0.00443956
0.00160219
0.0046948
0.00309945
0.00324533
0.00900932
0.00132242
0.000190062
0.00237951
0.00749319
0.00383287
0.00212935
0.00508984
0.000671429
0.00808916
0.00553923
0.0100546
0.000836818
0.00160959
0.00304042
0.002303
0.00368182
0.00926984
0.00955808
0.00849329
0.00760245
0.00879222
0.0150533
0.0109168
0.00936318
0.0135078
0.00883802
0.0105886
0.00387271
0.0042497
0.0080233
0.00819592
0.0111285
0.00868
0.00705829
0.000880642
0.00381782
0.00440823
0.00311357
0.00194575
0.00723546
0.000260917
0.00878065
0.000250785
0.00522183
0.00182506
0.000411543
0.00875392
0.000719921
0.00223756
0.00204033
7.66586e-05
0.000683404
0.00800616
0.000450682
0.000164912
0.00443182
0.000487022
0.00421278
0.00199648
0.0025751
0.00369131
0.00960638
0.0100771
0.0148701
0.0108376
0.00323617
0.00462673
0.00915989
0.000138379
0.000399666
0.00576758
0.00372774
0.00551293
0.00084584
0.00642233
0.00218185
0.00618195
0.00492651
0.00335018
0.00350975
0.00368108
0.00453239
0.00767136
0.0022177
0.000482671
0.0025188
0.00167997
0.00274885
0.00351477
0.00792796
0.000127114
0.00139545
0.0101679
0.000620262
0.00737946
0.00434427
4.23995e-05
0.00757227
0.00185963
0.00686736
0.00654814
0.000248911
0.00343319
0.00746452
0.000816543
0.00121764
0.00299918
0.0050836
0.00190599
0.00498065
0.00542229
0.00231959
0.0020258
0.00457447
0.000727283
0.00793433
0.00133743
0.00247767
0.00193174
0.00726289
0.00407235
0.00162929
0.00931806
0.00570237
0.00625913
0.00110591
0.0043707
0.00904872
0.00184248
0.000861861
0.00329696
0.00118015
0.00356455
0.000326078
0.00309209
0.00100712
0.00146882
0.00672629
0.00291697
0.00715452
0.00170671
0.00784118
0.00117717
0.00556688
0.00339654
0.00147581
0.00101838
0.00252007
0.0031302
0.00401788
0.00146157
0.0036635
0.00147367
0.00102173
0.000468475
0.00450669
0.00674542
0.00044116
0.00735407
0.00659497
0.00911562
0.00492335
0.00278998
0.00444335
0.00498089
0.000866239
0.00823868
0.0023148
0.00767092
0.00221029
0.00104264
0.00120521
0.00583242
0.000963191
0.00262422
0.000220001
0.000360653
0.000134053
0.00386272
0.00743758
0.00558883
0.00340045
0.00720452
0.00951081
0.000867834
0.00526048
0.00882819
0.00413213
0.0102285
0.0124874
0.0001791
0.00686666
0.00718598
0.00320705
0.000466895
0.000392323
7.204e-05
0.000174211
0.00337263
0.00570029
0.0106412
0.00988252
0.00220517
0.00846819
0.0108517
0.0186781
0.0026484
0.0105722
0.00678801
0.0132485
0.00267679
0.00821662
0.00289467
0.00239123
0.00300439
0.00348634
0.00656762
0.000138863
0.00313484
0.00429544
0.010243
0.00592818
0.00191853
0.00669454
0.001811
0.00878434
0.00939255
0.00193898
0.00587995
0.00130009
0.00578879
0.00433226
0.00244456
0.00973937
0.00142773
5.60641e-05
0.00524133
0.00141789
0.00166865
0.00517363
0.00735719
0.00428193
0.00367884
0.000395869
0.00408833
0.00783045
0.00495807
0.000125518
0.000331149
0.000343417
0.00649189
0.00374395
0.00158879
0.00198213
0.00265401
0.00212305
0.000676555
0.00164346
0.00146277
0.0043602
0.000733395
0.00919805
0.0081458
0.00569204
0.00123692
0.00229658
0.00616953
0.0081027
0.00270584
0.00408063
0.00296511
0.00465939
0.000756603
9.53093e-05
7.6491e-06
0.00368589
0.00198657
0.00834063
0.00625732
0.00174758
0.004647
0.000288422
0.00116847
0.0010285
0.000636772
0.00991578
0.00890344
0.00565631
0.00739928
0.00556354
0.00268518
0.000653675
0.00423526
0.00235996
0.00517263
0.00227799
0.00533446
0.000313769
0.0010037
0.000176882
0.00105978
0.0021194
0.00211966
0.0120222
0.00522131
0.00372903
0.0015473
0.00254129
0.00447672
0.00437164
0.000478065
0.00429837
0.00863575
0.00283981
0.00236867
0.00330104
0.00168748
0.00329115
0.00239442
0.00265572
0.00500971
0.00433085
0.00364289
0.00469843
0.00770025
0.000135481
0.000121153
0.00686677
0.0014105
0.00410976
0.00238899
0.0108694
0.00516609
0.00266716
0.00464335
0.0125802
0.00464349
0.00338779
0.00224281
0.00175241
0.00925327
0.000769619
0.00669161
0.00716892
0.00105482
0.00990231
0.00361824
0.00663844
0.00189076
0.00666583
0.00143758
0.00232168
0.0091483
0.00960333
0.00208226
0.000555397
0.00498602
0.00189687
0.00172665
0.000626899
0.000393456
0.0107681
0.000337012
0.00542788
0.000396782
0.00127354
0.0121376
0.00162146
0.00248678
0.000272154
0.00135825
0.00022579
0.00117616
0.00192352
0.00521968
0.00343714
0.00369816
0.00612095
0.000133177
0.000725829
0.00385766
0.000264195
0.0036496
0.00238502
0.00382176
0.00204925
0.00137752
0.000322886
0.0069627
0.0033347
0.0014973
0.00133069
0.000102546
0.00844022
0.0104967
0.0102422
0.00137019
0.002338
0.00419951
0.00229037
0.000753226
0.00212978
0.00356239
0.00137791
0.00366146
0.001456
0.00335032
0.00223836
0.00371094
0.00356211
0.000231266
0.00333903
0.00147312
0.00164803
0.00830042
0.00206558
0.0023521
0.00633239
0.00321446
0.00436159
0.00733781
0.00364441
0.00215102
0.0015873
0.00198792
0.00476487
0.00480547
0.00160566
0.00881739
0.00295663
0.00271095
0.00150035
0.0111405
0.00135256
0.00213484
4.54387e-05
0.00214045
0.0032737
0.00284146
0.00509283
0.0085025
0.00115113
0.00381531
0.00642076
0.00293415
0.00463836
0.00730065
0.00173264
0.00630478
0.00354844
0.000474565
0.000277645
0.000215601
0.000295494
0.0019624
0.00236246
0.00299815
0.0023452
0.0049956
0.00144498
0.00353164
0.00541323
0.0031912
0.00352003
0.00603064
0.00206732
0.000513361
0.00402971
0.000522949
0.00176408
0.00701983
0.00233575
0.00335229
0.00339234
0.00535645
0.00173324
0.00469137
0.00166024
0.00833427
0.00500392
0.000147943
0.00250687
0.00641033
0.00665892
0.000359465
0.00182537
0.00285192
0.00556644
0.00441688
0.00884872
0.000610706
0.0024385
0.00758913
0.00268022
0.00236833
0.00898753
0.00190565
0.000507522
0.00326449
0.00224631
0.00325588
0.000318339
0.00450166
0.00648702
0.00561804
0.00404653
0.00160474
0.00994887
0.00778986
0.00150604
0.00467171
0.0016572
0.00657979
0.00127874
0.00808448
0.0113384
0.0137391
0.00169568
0.00809352
0.000841169
0.00329019
0.0043162
0.00367706
0.00496659
0.0125338
0.0039185
0.00296518
0.00295372
0.001887
0.00326754
0.00180593
0.000740444
0.000325172
0.00883471
0.00413326
0.00356208
0.00690952
0.000258547
0.00883778
0.000576361
0.000700288
0.00148627
0.00239626
0.00297627
0.00405208
0.00495446
0.00344609
0.000622224
0.00255161
0.00234445
0.0013513
0.00673166
0.00299901
0.00598991
0.0138096
0.00316393
0.00589646
0.00914903
0.00478397
0.000182438
0.00236023
0.00344322
0.00994944
0.00287309
0.00230653
0.00261547
0.00153478
0.00673828
0.00357028
0.00237228
0.000213507
0.00568263
2.20448e-05
0.00101901
0.00414494
0.00519621
0.000452035
0.00118686
0.00336757
0.00436333
0.000115009
0.00546874
0.00389669
0.0026451
0.00130523
0.0061478
0.00525098
0.00672859
0.000459706
0.00261619
0.00336265
0.00550397
0.000179293
6.62938e-05
0.00905311
0.00220397
0.000753095
0.00240352
0.00781846
0.00520076
0.00377904
0.00449988
0.00408791
0.000111099
0.00585599
0.000233665
0.00837521
0.00649933
0.00194029
0.00149893
0.00021886
0.00716169
0.0037654
0.00284171
0.00262335
0.00115685
0.0119219
0.000145423
0.00053903
0.000170631
0.00201886
0.00367484
0.00735228
0.00320337
0.0037159
0.00208268
4.90917e-06
0.000292871
0.00538087
0.00405724
0.00718709
0.00782105
0.00580403
0.00214067
0.000668284
0.0037619
0.00604131
0.000270488
0.000727213
0.00163393
0.00399962
0.004575
0.00188598
0.00426361
0.00458018
0.00195127
0.00231576
0.0165199
0.000605359
0.00354109
0.0020144
0.00122654
0.000953449
0.00357225
0.00183086
0.0114028
0.0148025
0.0149635
0.00423951
0.00413714
0.000421147
0.00128684
0.00390469
0.00252927
0.00302622
0.0066091
0.000669104
0.00180646
0.000132602
0.00481369
0.00688069
0.00609972
0.00348434
0.00773387
0.00399841
0.0118631
0.0035198
0.00593198
0.000158228
0.00342367
0.000181685
0.00597761
0.000521627
0.00419262
0.000689106
0.000551255
0.00233915
0.000315261
0.00138098
0.00133881
0.00288317
0.000300121
0.00863581
0.000444785
0.0124567
0.00750991
0.00984115
0.00922809
0.00164239
0.00624341
0.00106507
0.00430481
0.000807268
0.00197176
0.00162417
0.0089343
0.00447138
0.00376797
0.00119134
0.00908727
0.00307846
0.00785607
0.00218075
0.0106827
0.00335735
0.00837015
0.00459989
0.00945992
0.00257259
0.00147455
0.00304542
0.00106009
0.00227355
0.0027423
0.000989096
0.00121887
0.00295382
0.00717426
0.00262779
0.00518079
0.00162654
0.00807851
0.00145612
0.000871535
3.71122e-05
0.01052
0.00677098
0.00855883
0.00380637
0.00845272
1.03075e-05
0.00765744
0.0031964
0.00394917
0.00367643
0.000814677
0.000780685
1.97378e-05
0.00458223
0.00140026
0.0039631
0.00316981
0.00309275
0.00737391
0.0111821
0.00280225
0.00558183
0.00249842
0.00711174
0.00127354
0.00159805
0.0052199
0.00585488
0.00348629
0.00701249
0.0025264
0.000101309
0.00486759
0.0060567
0.00352459
0.0050259
0.00125132
0.000120548
0.00275924
0.00388092
0.00426273
0.00316389
0.000174657
0.0011597
0.000742354
0.000199553
0.010897
0.00444173
0.00302984
0.000205554
0.000283343
0.00412862
0.00311279
0.00308239
0.0030892
0.00327983
0.00355796
0.00111752
0.0103249
1.17261e-05
0.000987312
0.00470813
0.00899803
0.00147187
0.00434984
0.00310435
0.00213779
0.00280967
0.00736368
0.00824561
0.00261161
0.000551692
0.00916466
0.00299311
0.00288837
0.00521225
0.000878078
0.00158133
0.00129872
0.00287458
0.0149006
0.0198356
0.0125268
0.00810774
0.00255642
0.00656939
0.00704476
0.00502532
0.000318414
0.00250386
0.00623821
0.00170723
0.00304228
0.000915455
0.00821126
0.00203732
0.00823062
0.0104452
0.0147849
0.0152368
0.0112104
0.0151358
0.0113424
0.00885258
0.00377986
0.00661357
0.00798372
0.00685023
0.00557277
0.00145115
0.00132599
0.00526819
0.00408936
0.00186328
0.00403017
0.00204287
0.00767973
0.00846524
0.00943075
0.0222573
0.011813
0.0155092
0.0116732
0.0175673
0.0100822
0.0051634
0.0111715
0.00517496
0.00299246
0.00250172
0.00129464
0.00152777
0.00386071
0.00733774
0.00326753
0.00405742
0.00902714
0.00896322
0.0124733
0.00626489
0.0135895
0.00934136
0.0115462
0.00574752
0.00546978
0.00841816
0.0030326
0.0020224
0.000488828
0.00451919
0.00169377
0.00443139
0.00221277
0.00249864
0.0051793
0.0143367
0.0121558
0.00238735
0.00675475
0.00996704
0.00831529
0.010926
0.0028546
0.00576107
0.00233175
0.00308196
0.00506412
0.0042616
0.00391423
0.0063479
0.00144437
0.00135432
0.00754187
0.0110506
0.000970752
0.00563486
0.0122574
0.00616428
0.00483956
0.00948084
0.0027361
0.0105367
0.00137743
0.00330751
0.00320928
0.00946932
0.00457874
0.00664848
0.000209575
0.000340156
0.00140425
0.0010449
0.0020079
0.00641531
0.00468527
0.00859923
0.00837438
0.00359745
0.00681064
0.00810327
0.00156807
0.00695583
0.0148419
0.00154706
0.00323722
3.99431e-05
0.00207114
0.000146887
0.00383349
0.00055746
0.00543149
0.00423966
0.00561927
0.00420881
0.00175369
0.00160252
0.00110285
0.00371149
0.00456137
0.00130438
0.0018107
0.0012275
0.00655845
0.00202282
0.00976928
0.00192711
0.00257968
0.0011628
0.00183158
0.000654255
0.00176164
0.00266852
0.000563816
0.00156965
0.00135341
0.000144867
0.000728926
0.00717116
0.00569787
0.000910649
0.0129976
0.0132771
0.0171016
0.0104057
0.00905627
0.0163368
0.00240352
0.012422
0.00453441
0.00422017
0.00468719
0.00465739
0.00598168
0.00794241
0.011274
0.00432789
0.0061028
0.0206139
0.01234
0.0199323
0.0208603
0.00728321
0.0115859
0.00106637
0.0106146
0.000603156
0.00416263
0.000184998
0.00259777
0.000719429
0.00152959
0.00464519
0.000123446
0.0123333
0.000346249
0.0168116
0.00126146
0.0106049
0.000280066
0.0121342
0.0221431
0.0193994
0.00357073
0.00958657
0.00960652
0.00337045
0.000530411
0.00661773
0.00216854
0.00420592
0.0105967
0.00147904
0.0055189
0.00613922
0.00677189
0.00445182
0.0149781
0.0133917
0.0138874
0.0183361
0.0135589
0.0138122
0.0100035
0.00590821
0.00723185
0.00969634
0.00158173
0.00853395
0.00439331
0.00371793
0.00376208
0.00110074
0.00238188
0.00520986
0.00545675
0.0101395
0.00246593
0.0061622
0.0077573
0.0132412
0.0140404
0.0119604
0.0140658
0.00685877
0.00869368
0.000916257
0.00808559
0.0112218
0.0114663
0.00390179
0.00659943
0.000485168
0.00174042
0.00259613
0.00524038
0.00573082
0.0111678
0.00537297
0.00646025
0.0105605
0.00781747
0.00705186
0.00651217
0.00696876
0.00426788
0.00277473
0.00362985
0.00342792
0.0040973
0.00296294
0.00779364
0.00779424
0.00324458
0.0038174
0.00406792
0.0139906
0.0100831
0.00907946
0.0136666
0.0114035
0.0107405
0.00921755
0.00493332
0.00874134
0.00333015
0.00401366
0.00947848
0.00202289
0.00280847
0.00537013
0.00488049
0.00133054
0.00119014
0.000350605
0.0117587
0.0109082
0.0026447
4.40744e-05
0.00377133
0.00327169
0.00256808
0.00997233
0.00200423
0.0041197
0.00489842
0.00569608
0.0023797
0.00185935
0.00518072
0.00358718
0.00360183
0.00113557
0.0107554
0.00492358
0.00375351
0.00231079
0.00323086
0.00178018
0.000832599
0.00175615
0.0253331
0.0246157
0.0161487
0.0147177
0.0129888
0.0101511
0.00825249
0.0108596
0.0107327
0.0198815
0.00170823
0.00461928
0.00885778
0.0147925
0.0160786
0.0110691
0.0107316
0.0197887
0.0221586
0.0252979
0.0186051
0.0243475
0.0186478
0.0201152
0.0135182
0.0118144
0.0107313
0.00766591
0.0148884
0.00619436
0.00722701
0.00733392
0.00739151
0.0120593
0.016082
0.00532905
0.00983985
0.0211597
0.0200382
0.0149967
0.0147803
0.0190441
0.00960918
0.0170761
0.00974956
0.00512706
0.00581897
0.00622727
0.00759854
0.00534389
0.00626242
0.00875194
0.00693256
0.00754467
0.0103571
0.0104184
0.0123866
0.0225739
0.0104139
0.0208992
0.0163186
0.0214853
0.0134369
0.012445
0.00341504
0.0119697
0.010361
0.00767745
0.00720058
0.010169
0.0168087
0.00632524
0.00623623
0.00317309
0.0136613
0.0141846
0.00805824
0.0101912
0.0132514
0.0148847
0.00749383
0.0145824
0.0118239
0.00692788
0.0115469
0.0103834
0.00633
0.000884294
0.000344389
0.00539872
0.00166395
0.00173511
0.00682048
0.00199397
0.00177214
0.00893866
0.0120477
0.0162531
0.0121413
0.0115805
0.00778082
0.00505411
0.0049956
0.0158068
0.00908722
0.00772874
0.00829192
0.00170754
0.00221099
0.00378939
0.00754514
0.00422862
0.00714832
0.00140307
0.0101086
0.00688318
0.00205836
0.0116325
0.00587407
0.0113067
0.00938846
0.00606834
0.00234704
0.00517104
0.00725492
0.00323717
0.00219119
0.00160792
0.00441883
0.00316845
0.00500849
0.000780715
0.00270946
0.0042143
0.000606701
0.00495296
0.00142469
0.000737895
0.00429105
0.00553124
0.00203353
0.00660177
0.00528586
0.00877056
0.00448888
0.00294014
0.00386039
0.00539144
0.00386535
0.00363115
0.00151201
0.00010227
0.00299731
0.005226
0.00138644
0.00348567
0.00556243
0.00599482
0.00293927
0.000802344
)
;

boundaryField
{
    hotSide
    {
        type            fixedGradient;
        gradient        nonuniform List<scalar> 
400
(
321.511
322.87
325.591
329.677
335.133
341.965
350.181
359.788
370.794
383.208
397.037
412.289
428.971
447.088
466.647
487.651
510.105
534.011
559.372
586.191
323.738
325.08
327.767
331.802
337.194
343.949
352.078
361.591
372.498
384.81
398.537
413.687
430.268
448.289
467.755
488.672
511.043
534.872
560.161
586.913
326.149
327.47
330.116
334.091
339.406
346.071
354.099
363.503
374.296
386.491
400.101
415.136
431.606
449.52
468.885
489.706
511.988
535.735
560.948
587.63
328.704
330
332.597
336.503
341.73
348.292
356.205
365.485
376.15
388.215
401.695
416.604
432.954
450.753
470.009
490.73
512.919
536.579
561.714
588.325
331.33
332.599
335.142
338.97
344.099
350.546
358.332
367.477
378.003
389.928
403.271
418.047
434.27
451.949
471.095
491.712
513.807
537.382
562.439
588.978
333.918
335.158
337.643
341.389
346.414
352.74
360.392
369.397
379.779
391.562
404.765
419.407
435.503
453.065
472.101
492.618
514.622
538.114
563.096
589.569
336.321
337.531
339.959
343.622
348.544
354.751
362.274
371.142
381.385
393.031
406.101
420.618
436.595
454.047
472.983
493.409
515.33
538.747
563.663
590.076
338.36
339.543
341.92
345.509
350.339
356.44
363.847
372.595
382.718
394.244
407.2
421.608
437.485
454.844
473.695
494.045
515.897
539.253
564.114
590.478
339.852
341.015
343.352
346.885
351.645
357.665
364.985
373.643
383.675
395.113
407.984
422.312
438.116
455.407
474.197
494.491
516.294
539.606
564.428
590.758
340.643
341.795
344.11
347.613
352.334
358.311
365.584
374.193
384.176
395.567
408.393
422.679
438.443
455.699
474.456
494.722
516.498
539.788
564.589
590.901
340.643
341.795
344.11
347.613
352.334
358.311
365.584
374.193
384.176
395.567
408.393
422.679
438.443
455.699
474.456
494.722
516.498
539.788
564.589
590.901
339.852
341.015
343.352
346.885
351.645
357.665
364.985
373.643
383.675
395.113
407.984
422.312
438.116
455.407
474.197
494.491
516.294
539.606
564.428
590.758
338.36
339.543
341.92
345.509
350.339
356.44
363.847
372.595
382.718
394.244
407.2
421.608
437.485
454.844
473.695
494.045
515.897
539.253
564.114
590.478
336.321
337.531
339.959
343.622
348.544
354.751
362.274
371.142
381.385
393.031
406.101
420.618
436.595
454.047
472.983
493.409
515.33
538.747
563.663
590.076
333.918
335.158
337.643
341.389
346.414
352.74
360.392
369.397
379.779
391.562
404.765
419.407
435.503
453.065
472.101
492.618
514.622
538.114
563.096
589.569
331.33
332.599
335.142
338.97
344.099
350.546
358.332
367.477
378.003
389.928
403.271
418.047
434.27
451.949
471.095
491.712
513.807
537.382
562.439
588.978
328.704
330
332.597
336.503
341.73
348.292
356.205
365.485
376.15
388.215
401.695
416.604
432.954
450.753
470.009
490.73
512.919
536.579
561.714
588.325
326.149
327.47
330.116
334.091
339.406
346.071
354.099
363.503
374.296
386.491
400.101
415.136
431.606
449.52
468.885
489.706
511.988
535.735
560.948
587.63
323.738
325.08
327.767
331.802
337.194
343.949
352.078
361.591
372.498
384.81
398.537
413.687
430.268
448.289
467.755
488.672
511.043
534.872
560.161
586.913
321.511
322.87
325.591
329.677
335.133
341.965
350.181
359.788
370.794
383.208
397.037
412.289
428.971
447.088
466.647
487.651
510.105
534.011
559.372
586.191
)
;
    }
    coldSide
    {
        type            mixed;
        refValue        uniform 300;
        refGradient     uniform 0;
        valueFraction   uniform 0.991591;
        source          uniform 0;
        value           nonuniform List<scalar> 
400
(
300.016
300.004
300.015
300.022
300.015
300
300.024
300.005
300.03
300.032
300.022
300.028
300.036
300.034
300.022
300.018
300.031
300.025
300.038
300.037
300.026
300.012
300.014
300.025
300.003
300.029
300.015
300.022
300.003
300.033
300.021
300.012
300.042
300.03
300.039
300.043
300.017
300.033
300.006
300.015
300.023
299.999
300.033
300.008
300.005
300.004
300.027
300.015
300.031
300.03
300.022
300.032
300.026
300.018
300.031
300.029
300.006
300.014
300.036
300.018
300.021
300.015
300.023
300.015
300.031
300.019
300.032
300.027
300.031
300.005
300.036
300.016
300.044
300.02
300.048
300.026
300.033
300.025
300.042
300.01
300.02
300.027
300.002
300.011
300.027
300.021
300.022
300.022
300.026
300.02
300.023
300.002
300.042
300.02
300.04
300.033
300.018
300.006
300.044
300.021
300.008
300.024
300.026
300.005
300.027
300.036
300.015
300.016
300.012
300.028
300.014
300.028
300.049
300.039
300.027
300.018
300.037
300.036
300.046
300.025
300.002
299.998
300.03
300.022
300.019
300.043
300.022
300.026
300.01
300.018
300.02
300.026
300.038
300.038
300.034
300.04
300.035
300.037
300.038
300.022
300.02
300.017
300.01
300.011
300.014
300.028
300.016
300.019
300.019
300.05
300.033
300.031
300.019
300.036
300.011
300.024
300.037
300.034
300.027
300.019
300.017
300.008
300.006
300.017
300.03
300.031
300.019
300.05
300.024
300.015
300.032
300.006
300.037
300.015
300.011
300.04
300.011
300.035
300.045
300.023
300.038
300.015
300.029
300.002
300.017
300.037
300.03
300.029
300.014
300.023
300.027
300.016
300.013
300.047
300.027
300.017
300.051
300.029
300.023
300.023
300.024
300.021
300.029
300.03
300.021
300.003
300.007
300.019
300.024
300.034
300.017
300.031
300.024
300.027
300.032
300.024
300.036
300.026
300.041
300.036
300.01
300.039
300.01
299.998
300.029
300.035
300.018
300.029
300.043
300.021
300.037
300.012
300.047
300.027
300.021
300.035
300.028
300.024
300.029
300.032
300.023
300.021
300.015
300.023
300.017
300.026
300.009
300.014
300.006
300.032
300.02
300.024
300.032
300.044
300.014
300.071
300.006
300.029
300.004
300.04
300.022
300.014
300.005
300.036
300.022
300.012
300.025
300.021
300.017
300.029
300.003
300.005
300.045
300.023
300.016
300.027
300.037
300.035
300.019
300.046
300.016
300.006
300.018
300.04
300.043
300.033
300.013
300.03
300.033
300.015
299.996
300.039
300.031
300.037
300.05
300.019
300.037
300.027
300.022
300.036
300.017
300.006
300.016
300.018
300.012
300.03
300.013
300.031
300.035
300.019
300.024
300.05
300.028
300.033
300.029
300.023
300.043
300.031
300.026
300.023
300.019
300.004
300.025
300.001
300.022
300.021
300.021
300.025
300.029
300.019
300.013
300.027
300.028
299.999
300.021
300.031
300.032
300.029
300.023
300.018
299.998
300.01
300.03
300.042
300.021
300.036
300.016
300.014
300.034
300.009
300.034
300.02
300.01
300.039
300.046
300.031
300.033
300.049
300.027
300.047
300.005
300.008
300.038
300.018
299.994
300.004
300.04
300.024
300.032
300.023
300.003
300.032
300.027
300.033
300.02
300.037
300.026
300.045
300.029
300.024
300.008
300.017
300.019
300.011
300.022
300.021
300.005
300.043
300.01
300.04
300.012
300.018
300.018
300.038
300.033
300.033
300.036
300.028
300.036
300.034
)
;
    }
    adiabaticPlanes
    {
        type            fixedGradient;
        gradient        uniform 0;
    }
}

