/*--------------------------------*- C++ -*----------------------------------*\
| =========                 |                                                 |
| \\      /  F ield         | OpenFOAM: The Open Source CFD Toolbox           |
|  \\    /   O peration     | Version:  2212                                  |
|   \\  /    A nd           | Website:  www.openfoam.com                      |
|    \\/     M anipulation  |                                                 |
\*---------------------------------------------------------------------------*/
FoamFile
{
    version     2.0;
    format      ascii;
    arch        "LSB;label=32;scalar=64";
    class       volScalarField;
    location    "0";
    object      relativeErrorField;
}
// * * * * * * * * * * * * * * * * * * * * * * * * * * * * * * * * * * * * * //

dimensions      [0 0 0 1 0 0 0];

internalField   nonuniform List<scalar> 
3200
(
0.0137082
0.00580515
0.00390931
9.33587e-05
0.00274997
0.00397235
0.0120818
0.0128619
0.00721697
0.00618143
0.0137489
0.011812
0.0145662
0.00743957
0.0127011
0.00149958
0.00962754
0.0054155
0.00438647
0.0106862
0.0132463
0.0033143
0.00515891
0.00274873
0.00887161
0.00408455
0.0130845
0.00919119
0.0163302
0.00969782
0.00550162
0.0143394
0.0108706
0.00967339
0.00217595
0.0132062
0.00163667
0.00529948
0.000370614
0.00440959
0.00734623
0.00368285
0.000657721
0.00107012
0.00270264
0.00691863
0.00589656
0.0116373
0.0108287
0.00996965
0.0103257
0.0106578
0.0083166
0.0101992
0.00401164
0.00785997
0.0115696
0.00470956
0.00206548
0.000167112
0.00597181
0.00444219
0.00108594
0.00756526
0.000732182
0.00032459
0.00612694
0.0126903
0.00760969
0.00617298
0.00570277
0.00797819
0.00450499
0.00340797
0.00877764
0.0066888
0.00405118
0.00532436
0.00631994
0.00235732
0.00491528
0.00367818
0.000309235
0.00569622
0.00336023
0.00306266
0.000842054
0.0050792
0.00805301
0.0111324
0.00441018
0.0116536
0.00545052
0.00537552
0.00942147
0.0091472
0.00868141
0.000865581
0.000466521
0.00228793
0.00418823
0.00422777
0.00442175
0.000693877
0.005919
0.00319323
0.00754059
2.28557e-06
0.00481353
0.00591945
0.00150522
0.00508323
0.00254383
0.00906109
0.000501076
0.000189055
0.0046071
0.00374049
0.00287986
0.00488551
0.00377216
0.000902151
0.0012691
0.00453866
0.000839371
0.0080519
0.00352426
0.00357709
0.00382113
0.0027941
0.00601415
0.000138207
0.00558743
0.0038218
0.00206906
0.0069793
0.000733629
0.00212912
0.00023949
0.00189458
0.00559521
0.00485443
0.00126542
0.00157675
0.00252324
0.000117175
0.00420302
0.00596972
0.00100667
0.000129866
0.000850259
0.0061979
0.000123758
0.00720103
0.00101205
0.00151791
0.00154273
0.00110552
0.00290918
0.00161784
0.017454
0.00837744
0.00112315
0.00295575
0.00623691
0.0102531
0.00801352
0.00929687
0.0116566
0.00804975
0.0110583
0.0101873
0.00649567
0.0090765
0.00853661
0.00928646
0.0063429
0.00591482
0.00193809
0.0122963
0.00776207
0.000592139
0.00181308
0.00100937
0.00481876
0.00106659
0.00705524
0.00150316
0.0108947
0.000869237
0.000270193
0.00698939
0.00208368
0.000115393
0.000478044
0.0121034
0.00129384
0.00541831
0.00151784
0.00781436
0.0116973
0.00881058
0.000444562
0.00372863
2.97425e-05
0.00338773
0.00716445
0.00964916
0.00828321
0.00485266
0.00732484
0.00742675
0.0153801
0.00897653
0.00607754
0.00636292
0.000283197
0.00373152
0.00313123
0.00838571
0.00567575
0.00194291
0.00223035
0.00175605
0.000289023
0.00271084
0.0109787
0.00954583
0.00693026
0.00723568
0.00632732
0.00609144
0.00384825
0.00780893
0.0118647
0.00120646
0.00758882
0.00538293
9.28334e-05
0.0110638
0.000234315
0.0126801
0.000140239
0.00301881
0.000915286
0.00363049
0.0116741
0.00342851
0.00429074
0.00558758
0.00201818
0.00502591
0.00641141
0.0042312
0.00265811
0.00473936
0.00426338
0.000515476
0.00386642
0.00277529
0.000203742
0.00492032
0.00153242
0.00184058
0.00682324
0.000329101
0.00222653
0.00351094
0.00840951
0.0014729
0.0047101
0.00133449
0.00565633
0.00231441
0.0048122
0.00119613
0.0106049
0.00809928
0.00348656
0.00432359
0.00522656
0.000275723
0.00352414
0.000946734
0.00101708
0.000111938
0.000803351
0.00427436
0.00592954
0.000102033
0.00710858
0.00906647
0.00492617
0.00129158
0.00451447
4.82659e-05
0.0023375
0.00174495
0.00161881
0.00294775
0.000824105
0.00109161
0.00400787
0.00214643
0.000799963
0.000453921
0.00211476
0.00576666
0.000807687
0.00227255
0.00202187
0.00054621
0.00323638
0.00560296
0.00173396
0.00153847
0.00121502
0.00419285
0.00252555
0.00256969
0.00517688
0.00493237
0.00146867
0.000345746
0.00327477
0.0111207
0.0107999
0.00741636
0.00541524
0.00750755
0.00880049
0.00156545
0.00505282
0.0120828
0.00654031
0.00826882
0.00360603
0.00140962
0.00411916
0.00789639
0.0133108
0.00152694
0.00666173
0.000445308
0.00442971
0.0102971
0.00931316
0.0126236
0.00441093
0.00746089
0.0143037
0.00824292
0.00561833
8.68896e-05
0.00443019
0.0037247
0.000358889
0.00338335
0.00146582
0.00407667
0.00662006
0.000315165
0.00548526
0.000173874
0.00182101
0.00615104
0.00474211
0.0101349
0.00445677
0.00524361
0.00556126
0.00200972
0.0011827
0.00716691
0.00903804
0.00412472
0.00519879
0.00480005
0.00333477
0.00227504
0.00642223
0.00823312
0.00402195
0.000435595
0.00751223
0.00430357
0.00590049
0.00518632
0.0110452
0.0125433
0.00872863
0.00653627
0.00132452
0.0106908
6.01077e-05
0.00471637
0.00328946
0.00732875
0.00188445
0.00184509
0.000449422
0.00462334
0.000482995
0.00238692
0.00138305
0.00464351
0.00593394
0.00919845
0.00173756
0.00504311
0.00427207
0.00396545
0.0050649
0.000814167
0.0020036
0.000417285
0.0033406
0.00183157
0.00563439
0.00152061
0.00629753
0.00111993
0.00240567
0.00447196
0.00431423
0.00297086
0.0115299
0.00790727
0.0124144
0.0026775
0.00655917
0.00480841
0.00690394
0.00393704
0.00284648
0.00785984
0.000898915
0.00133512
0.00228489
0.00115362
0.00147319
0.00329443
0.000396537
0.00468036
0.00323955
0.000327762
0.00321083
0.000988387
0.00376208
0.0049642
0.00770454
0.00145591
0.00335799
0.000837951
0.00293039
0.00118644
0.0034121
0.00163566
0.00249736
0.000287865
0.00121659
0.00140148
0.00646717
0.00106113
0.00523156
0.00426254
1.53303e-06
0.000406803
0.00443565
0.000988985
0.000941523
0.000540969
0.00291742
0.00106152
3.50747e-05
0.00155893
0.0011972
0.00782312
0.0089468
7.54048e-05
0.0115779
0.00322379
0.00152183
0.00767518
0.000663039
0.00734322
0.00677047
0.00281072
0.00487972
0.00776999
0.00454063
0.00648816
0.00169688
0.00662906
0.00148211
0.00577404
0.00452909
0.000387628
0.00282619
0.0106763
0.0102658
0.0013744
0.000646425
9.21509e-05
0.00319821
0.000914923
0.00850102
0.000945335
0.00497355
0.000825858
0.000923314
0.0121052
0.000972556
0.00431525
0.000135708
0.010115
1.5274e-05
0.000614419
0.000504822
0.00483406
0.006888
0.00523026
0.00299281
0.000984781
0.00509231
0.000858568
0.00169725
0.00302544
0.00433008
0.00568078
0.00561327
0.00145619
0.00679146
0.00653337
0.00310813
0.00217261
0.0078448
0.00430986
0.000328099
0.000541982
0.00221117
0.00559164
0.00149986
0.000979786
0.0126324
0.0047607
0.0029505
0.00282398
0.00426554
0.00465481
0.000804317
0.00857794
0.00507238
0.00563005
0.00966689
0.00152666
0.00699102
0.000684818
0.000297044
0.00361489
0.00285276
0.000864614
0.00128111
0.00183788
0.000808806
0.00570017
0.00611207
0.00465444
0.00687189
0.00463914
0.00991014
0.00525802
0.00534925
0.000693281
0.00275884
0.00104228
0.00203352
0.00477674
0.00262985
0.00192139
0.00729417
0.00524268
0.0050343
0.00304278
0.00246684
0.00596884
0.00714488
0.00634921
0.00368
0.00477991
0.00237688
0.00684093
0.00597502
0.00771472
0.00377335
0.000202721
0.00429243
0.000541335
0.00244662
0.000625697
0.00208684
0.00283445
0.00400522
0.00339628
0.00182338
0.0011303
0.00111895
0.00484001
0.00627971
0.00271127
0.0053371
0.000557951
0.000277822
0.00400881
0.00373108
0.00813996
0.00724842
0.000544552
0.00152265
0.000128246
0.00914339
0.00239323
0.000210836
0.00102857
0.00207638
0.00275902
0.000993495
0.00115673
0.00278147
0.00613197
0.00522326
0.00247056
0.00936583
0.00513504
0.00252312
0.00618151
0.00839576
0.000456025
0.00836156
0.00194054
0.00982306
0.00434951
0.000781425
0.00206362
0.0104687
0.00229791
0.00654892
0.00418316
0.00490011
0.00456715
0.00434398
0.00253316
0.00469366
0.00415327
0.00207081
0.00286819
0.0056792
0.000218628
0.0083492
0.0116071
0.0159928
0.00588423
0.00294272
0.00426097
0.00758841
0.000384449
0.00292812
0.00488192
0.000825001
0.00165809
0.00243031
0.00614793
0.00165813
0.00498382
0.0053855
0.000415158
0.00637704
0.00429878
0.0050187
0.0114483
0.00800539
0.00196844
0.00423241
0.00193157
0.00478725
0.00390517
0.0061596
0.0053372
0.00651965
0.00694089
0.00578864
0.00189985
0.00268052
0.00915631
0.00762844
0.00344299
0.000396865
0.00122112
0.00204038
0.00360155
0.0107529
0.0034323
0.00747746
0.00217724
0.00916338
0.00111069
0.00331304
0.00416206
0.0083308
0.00566249
0.00758884
0.00585308
0.0087625
0.00210096
0.00861073
0.00126705
0.00262198
0.00288016
0.00928494
0.0017751
0.0066273
0.00168163
0.00197993
0.00409273
0.00306701
0.00371712
0.00438291
0.00160111
0.00392625
0.00299862
0.000529658
0.00258778
0.000891939
0.00485768
3.08486e-05
0.00574806
0.00629171
0.00186952
0.00749777
0.00726027
0.00494528
0.00577489
0.00511482
0.0035473
0.00313259
0.000655132
0.00327078
0.0033816
0.000405274
0.00452074
0.00814516
0.00122484
0.00036994
0.000311415
9.43197e-05
0.00577099
0.00357216
0.00230278
0.000643338
0.00359835
0.00381321
0.000978807
0.00644082
0.0032819
0.00540708
0.00034841
0.00645607
0.000166175
0.00865783
0.000358507
0.00437983
0.00460839
0.00131657
0.000228542
0.00254972
0.00512905
0.0032139
0.00174224
0.00118546
0.0103515
0.00306734
0.00491834
0.00193386
0.00503043
0.00527306
0.00384141
0.00336135
0.000979119
0.00187988
0.010255
0.00179169
0.00537718
0.00129378
0.00106556
0.00163864
0.00504017
0.00748669
0.00340624
0.0114656
0.00352828
0.0104818
0.00852697
0.00642562
0.000404998
0.000180603
0.000260745
0.00553758
0.00312688
0.00284109
0.00131577
0.00181459
0.000402269
0.00292358
0.00179883
0.00770329
0.00373851
0.000641543
0.000540066
0.0070732
0.011157
0.0108144
0.00028214
0.00304085
0.000273941
0.0047573
9.27379e-05
0.00318036
0.000289526
0.00591139
0.00134285
0.00115006
0.0040328
0.00104254
0.00875806
0.000789577
0.00136313
0.00134751
0.00500649
0.00180671
0.0109091
0.00818679
0.00502165
0.00308059
0.00247349
0.000217285
0.00857598
0.00532321
0.000176153
0.00428701
0.00296099
0.000214854
0.00114907
0.00257667
0.00595217
0.00198187
0.000342998
0.00282258
0.0058466
0.0031764
0.00449343
0.00586622
0.00826057
0.00243419
0.00138023
0.00135981
0.000781661
0.0011386
0.00233511
0.0028141
0.00304793
0.00527757
0.00372457
0.00264294
0.00028231
0.00228123
0.00124166
0.00305641
0.000510804
0.00345521
0.00281805
0.0035802
0.000449095
0.00136963
0.00489242
0.00520802
0.00413243
0.00649727
0.00363331
0.000117662
0.00196262
0.000932634
0.00268087
0.00118667
0.00161884
0.00347165
0.00179422
0.00133968
0.00212653
0.00762546
0.00263727
0.00372825
0.00170038
0.00380499
0.000212724
0.00414293
0.00113572
0.00596871
0.00143108
0.00219367
0.00321975
0.00638617
0.00697987
0.000295111
0.00720027
0.00251155
0.000356528
0.00785234
0.00740882
0.000766616
0.00059574
0.000739147
5.91065e-05
0.00194736
0.000645356
0.00311126
0.00144424
0.00120425
0.00383516
0.000960499
0.00081962
0.00254431
0.00945025
0.00186493
0.000564573
0.00336603
0.00722057
0.00913194
0.00162095
0.00492175
0.00143785
0.0011074
0.00451878
0.000939811
0.00487824
0.00461233
0.000138859
0.000273021
0.000588686
0.00453289
0.00448408
0.000316923
5.79642e-05
0.00244734
0.00754974
0.00391291
0.00464486
0.00168369
0.00232646
0.00409621
0.000298782
0.0132478
0.0116069
0.00149677
0.00597087
0.000437093
0.000794838
0.000356916
0.000227168
0.00328503
0.00297477
0.00162811
0.00150863
0.00698587
0.00173659
0.00648759
0.00257852
0.000373636
0.00301196
0.00357293
0.00537507
0.0129634
0.00890263
0.00557074
0.00208202
0.0012249
0.00170155
0.000240935
0.00586703
0.00100052
0.00180214
0.00374544
3.79544e-05
0.00153124
0.00206848
0.000254278
0.00460467
0.00332226
0.00263768
0.00855032
0.0118958
0.00762146
0.00136514
0.00660493
0.0032824
0.00313911
0.002242
0.00279052
0.000362088
0.000546721
0.00453828
0.00756698
0.00144844
3.26167e-05
0.00361771
0.00310787
0.00280937
0.000605606
0.000529666
0.00745735
0.00713737
0.0122575
0.00278963
0.0041634
0.00375788
0.00693297
0.000963724
0.00150435
0.00555435
0.000688916
0.00137898
0.00290883
0.00714873
0.00405075
0.00836708
0.000127867
0.0038229
0.00565917
0.00145269
0.00425671
0.0040502
0.0130479
0.00332462
0.00262932
0.00018519
0.00392456
0.00375641
0.00171261
0.00185039
0.00445637
0.000578486
0.00162077
0.00553455
0.00340008
0.00492471
0.00339263
0.00236157
0.00192708
0.00392472
0.00230727
0.00880961
0.0085402
0.000745999
0.00530968
0.00307017
0.00414111
0.00313895
2.58247e-05
0.0051781
0.00230392
0.00294439
0.00142522
0.00172342
0.000216142
0.000242178
0.00100427
0.0102767
0.00455582
0.000370641
0.000693143
0.00623386
0.00506908
0.00412914
0.00125292
0.0008081
0.00204789
4.68488e-05
0.00194521
0.00295602
0.00229335
1.06151e-05
0.000290592
0.00561673
0.00701023
0.000898358
0.00179485
0.00029509
0.00455787
0.00122052
0.00194756
0.00374242
0.00752217
0.00250446
0.00588348
0.00118076
0.00697826
0.00503979
0.00209526
0.00184601
0.00426182
0.00458228
0.00201102
0.00079826
0.00143931
0.000248567
0.00257745
0.00148073
0.00384622
0.00871347
0.00712581
0.00220866
0.0136451
0.00963235
0.00635586
0.00544558
0.00327697
0.00318878
0.00331835
0.00142635
0.00367475
0.00566393
0.000769174
0.00538475
0.0023688
0.00422087
0.00310585
0.0021045
0.000187821
0.00865899
0.00774747
0.011358
0.014038
0.000874636
0.00436762
0.00108494
0.00134744
0.0012615
0.000778943
0.00133323
0.00173793
0.000323959
0.000889678
0.00532799
0.000336115
0.00235991
0.000616154
0.0012358
0.00159585
0.00455348
0.00219916
0.0121385
0.00849381
0.00486009
0.00149019
0.000664837
0.00297606
0.000368917
0.00539817
0.00101451
0.000248367
0.00252311
5.02852e-05
0.000545679
0.000326
0.00674099
0.00421303
0.000371936
0.00186944
0.00426939
0.0045063
0.0103225
0.0122262
0.00320499
0.00168103
0.00124457
0.00432988
0.00185786
0.000673369
0.00354564
0.00346922
0.00848628
0.00269493
0.000538406
0.00295572
0.00400262
0.0029037
0.00125355
0.000895693
0.00241365
0.0038425
0.00930963
0.00516594
0.00576898
0.00526014
0.00138517
0.00361191
0.00285295
0.00340665
0.00157977
0.00202367
0.00127821
0.00284923
0.00477768
0.00104925
0.00352728
0.00572475
0.0015226
0.00130321
0.00028797
0.000931875
0.00294336
0.00416813
0.00677277
0.000189677
0.00356566
0.00179014
0.00581061
0.00327417
0.000759472
0.000692835
0.000876517
0.00269543
0.000876107
0.00305575
0.00326913
0.00711952
0.001736
0.00527172
0.00177341
0.00014301
0.00560637
0.004419
0.000708714
0.00826829
0.00115053
0.00193444
0.00267331
0.000103128
0.000644322
0.000608544
0.00415497
0.000379511
0.00439705
0.00515666
0.00207248
0.000493521
0.00713656
0.00232626
0.00310197
0.00728128
0.0048973
0.00590448
0.000749677
0.00387374
0.000372724
0.000154949
0.00133853
0.00207542
0.00739671
0.00734118
0.00362934
0.000114619
0.00271202
1.60144e-05
0.00108698
0.00647517
0.00121
0.00495915
0.00278439
0.00161726
0.00219251
0.0185279
0.00653831
0.000251519
0.00303923
0.00118974
0.00134436
0.00680482
0.00214356
0.0013412
0.00510523
0.00517407
0.0109821
0.00583234
0.00403573
0.00288555
0.0013409
0.00179796
0.00564533
0.00397035
0.00784656
0.0057728
0.0108432
0.000527255
4.07538e-05
0.00556884
0.00265975
0.000579824
0.00537373
0.00221292
0.00304998
0.0130835
0.00438227
0.00300553
0.00209426
0.00435121
0.000452048
0.00443582
0.00144586
0.00984565
0.0157929
0.0148647
0.00837971
9.92175e-05
0.00315134
0.00329335
0.00659132
0.00155353
0.00851839
0.00281435
0.0010472
0.00498971
0.0052362
0.00400903
0.00658983
0.00805944
0.00281163
0.0103101
0.00210719
0.00744748
0.00803071
0.00802227
0.00873643
0.00570435
0.00588675
0.000307026
0.00122091
0.002993
0.000318538
0.00515287
0.000164144
0.00179672
0.000179933
0.00033183
0.00240908
8.67615e-05
0.00468149
0.00136801
0.00254766
0.00283845
0.00288729
0.0022596
0.00948013
0.00123241
0.00620926
0.00224933
0.0029289
0.0019935
0.00297435
0.00272626
0.00212982
0.000411399
0.00234787
0.00416725
0.00593012
0.00142259
0.00209389
0.00275976
0.00385376
0.00371765
0.0037567
0.0075558
0.00148803
0.00732041
0.00334899
0.0018026
0.00123603
0.00110408
0.00295917
0.00571329
0.00195777
0.00208322
0.00884127
0.00469977
0.00017896
0.00295099
0.00122473
0.000172157
0.000947615
0.00556888
0.00436535
0.00513983
0.0081318
0.00154415
0.00263663
0.000848234
0.0017894
0.00233975
0.00566155
0.00120411
0.00276177
0.0026127
0.00678798
0.00318025
0.000654799
0.00598316
0.0102833
0.000795856
0.0019673
0.00652213
0.00377931
0.00184255
0.00494206
0.00265788
0.000640329
0.00441443
0.00931007
0.00215384
0.00392564
0.00429965
8.62769e-05
0.00111852
0.00277704
0.000872291
0.00383058
0.00497845
0.00427677
0.00598355
0.00293957
0.000650732
0.0032028
0.0119949
0.00892965
0.00694555
0.00926897
0.00344857
0.00261173
0.0011816
0.005905
0.00930942
0.012819
0.00778646
0.00955
0.00117292
0.00690834
0.00784541
0.00870558
0.00264338
0.00691541
0.0114573
0.0103227
0.0142378
0.00186036
0.00198354
0.00140722
0.000213276
0.000419918
0.0015714
0.000299994
0.00359252
0.000904569
0.00110746
0.00735638
8.06117e-05
0.00533081
0.000885477
0.000686431
0.00062422
0.00777575
0.000189777
0.00790951
0.0115029
0.00872024
0.0040851
0.00294302
0.000341714
0.00153595
0.00321719
0.00608883
5.45541e-05
0.00538882
0.00177807
0.00583508
0.000503091
0.00660657
0.000993387
0.00303067
0.00625239
0.00328553
0.00773206
0.00307666
0.000772111
0.00324772
0.00800477
0.00129418
0.000255353
0.00137911
0.00453866
0.0038796
0.00196142
0.00494896
0.00114549
0.00661126
0.00717112
0.0039589
0.000995162
0.00684824
0.00690248
0.000343819
0.00727662
0.00557958
0.00821887
0.00361616
0.00643796
0.00188313
0.000786874
0.00189124
0.00387967
0.0012282
0.00175853
0.00229287
0.00186557
0.00112176
0.000438416
0.0032387
0.00414947
0.00405584
0.00170919
0.00655227
0.00323875
0.0039972
0.0103025
0.00856368
0.00255955
0.00458093
0.000711845
0.00505208
0.000154816
0.00415958
0.00176639
0.000683436
0.00268285
0.0058333
0.00767342
8.2324e-05
0.00111175
0.00494524
0.0020385
0.00147173
0.00226575
0.00303622
0.00138321
0.00284185
0.00541798
0.00314026
0.00510774
0.00137444
0.00445766
0.00125634
0.00547901
0.0010351
0.00202855
0.00286202
0.00231178
0.0010765
0.00012747
0.000154982
0.00626244
0.000368628
0.00272614
0.00345138
0.00316084
0.000630752
0.00376115
0.000511201
0.00501052
4.80612e-05
0.00018765
0.00195726
0.00569832
0.000214952
0.00134178
0.00116243
0.000317433
8.23969e-05
0.00133327
0.00118013
0.000233137
0.000917297
0.00183751
0.00111009
0.0117059
0.00588749
0.0105162
0.00251119
0.000578677
0.00363234
5.36291e-05
7.12448e-05
0.00157875
0.0091622
0.0127195
0.0121893
0.00179028
0.00396593
0.00557093
0.00673576
0.00300745
0.00659596
0.0121923
0.0136913
0.0102832
0.0016102
0.00716499
0.000688569
0.00636641
0.000279976
0.0043319
0.000668603
0.00341266
0.000319468
0.00232383
0.00897353
0.000729853
0.00612879
0.00136957
0.0098552
0.00057266
0.00529947
0.000873997
0.00619746
0.0120491
0.00553827
0.00376182
0.00229947
0.00449135
0.00438912
0.00651878
0.00487837
0.00672019
0.000666198
0.00254241
0.00567862
0.0017105
0.00720171
0.00736647
0.000714257
0.00422953
0.00146054
0.0105534
0.00440908
0.0124039
0.010845
0.000345586
0.00469385
0.00339879
0.00257403
0.00160544
0.00507766
0.000390922
0.00783676
0.00128533
0.00665566
0.00298094
0.000209479
0.00481885
0.000481773
0.00134072
0.00575429
0.00216835
0.00456044
0.00632532
0.00428372
0.00350347
0.000642953
0.00420985
0.003173
0.00268689
0.00166973
0.00144811
0.00770609
0.000760222
0.00461515
0.00500118
0.00520218
0.00273153
0.0003381
0.00282142
0.00507594
0.00777306
0.00669188
0.00297329
0.00336512
0.00673591
0.00178714
0.000784826
0.00159509
0.00707511
0.000990296
0.00418702
3.68945e-05
0.00370318
0.00666535
0.00350894
0.00343985
0.000963676
0.00381869
0.00419061
0.00304635
0.00634513
0.00154082
0.00319956
0.00505129
0.00125879
0.00507249
0.00810389
0.00453239
0.00150252
0.00363971
0.00451106
0.00753565
0.00655201
0.00211781
0.00278781
0.00263178
0.00187138
0.00281721
0.0072399
0.000512802
0.00363988
0.00335057
0.000671325
0.00026554
0.00312166
0.000106065
0.00238804
0.00108361
0.00100112
0.00118692
0.00604002
0.00472209
0.00228785
0.00284165
0.00745707
0.000249083
0.00653268
0.010247
0.00789507
0.00440569
0.00192208
0.00416181
0.00603728
0.00847751
0.00786746
0.000384629
0.00694565
0.0046248
0.00315863
0.000347453
0.00156069
0.00793372
0.00676181
0.00682336
0.0053578
0.000661503
0.00701879
0.00196479
0.00167406
0.00829295
0.0093834
0.0101262
0.0159112
0.00780534
0.00550473
0.00275405
0.00749437
0.00238356
0.00894417
0.00321208
0.00523902
0.00430499
0.00922179
0.00650826
0.0100836
0.00597976
0.00448534
0.00898304
0.00530463
0.0022145
0.00977529
0.00961879
0.00648095
0.00355338
0.00226506
0.00177503
0.000418816
0.00315037
0.00361869
0.00124487
0.00455511
0.00511804
0.010731
0.0072729
0.00386858
0.00236119
0.00487732
6.14507e-05
0.00255095
0.00526202
0.00888314
0.00448188
0.00362084
0.00944835
0.00536445
0.000334665
0.00586158
0.00104219
0.00432719
0.00400673
0.00183639
0.00179594
0.000233218
0.00601108
0.0055525
0.00635858
0.00688379
0.00701722
0.000518674
0.0027127
0.0027874
0.0125479
0.00680152
0.000970972
0.00494539
0.00282137
0.00261854
0.00563939
0.00242839
0.000641645
0.00845741
0.000669718
0.00363246
0.00127293
0.00450755
0.00166247
0.00236548
0.00122489
0.00145068
0.000794218
0.00416107
0.00827258
0.00572981
0.00116296
0.000621113
0.00534399
0.00151472
0.000393186
0.00413897
0.00186849
0.00344645
0.000624927
0.00110374
0.00467343
0.00561739
0.00316339
0.00618288
0.00477
0.00105503
0.0025854
0.00793221
0.00567377
0.0107883
0.00268988
0.00128428
0.0078068
0.00546146
0.00160763
0.000415408
0.00199898
0.0038742
0.00354974
0.000381654
0.00101281
0.00343932
0.000479404
0.00256333
0.00185028
0.0018278
0.0027574
0.00264495
0.00482278
0.00356083
0.00385112
0.00571054
0.00579393
0.00162814
0.00344127
0.000252332
0.00162934
0.00323552
0.00269595
0.000179468
0.00322206
0.00197646
0.0062859
0.00335346
0.000709655
0.00105113
0.0022127
0.00144651
0.0109054
0.0143549
0.0103142
0.00817265
0.00193717
0.00207071
0.00208859
0.000257802
0.00386853
0.00607345
0.00572679
0.00643631
0.00677877
0.00426237
0.00849204
0.00625653
0.00611183
0.00315052
0.00530986
0.0130953
0.0045727
0.00986704
0.000104349
0.00560269
0.00035171
0.00335812
0.00115417
0.00105631
0.000499191
0.00162738
0.000489335
0.000905116
0.00829944
0.00132733
0.00892296
0.000525168
0.00170839
0.00110366
0.00743155
0.000644405
0.00806976
0.00739747
0.00566692
0.00435337
0.00385894
0.00240169
0.000963552
6.8061e-05
0.00478638
0.00916814
0.00580828
0.00452075
0.00180578
0.00554493
0.00438508
0.000834283
0.00197031
0.00749159
0.000788524
0.00592088
0.0081451
0.00450753
0.0015855
0.0072824
0.0049239
0.0024716
0.00810905
0.00432767
0.000907748
0.00453478
0.01033
0.00389578
0.0014278
0.00195228
0.00343073
0.00211246
0.000640729
0.0013617
0.00381161
0.0106319
0.0071331
0.00982903
0.00425902
0.00360136
0.000235911
0.00786997
0.000198647
0.00600045
0.00374719
0.00277468
0.000771764
0.00229483
0.00969798
0.000692475
0.00200474
0.00693124
0.00424178
0.00596552
0.00190473
0.00455063
0.00324118
0.00281087
0.00574822
0.00399894
0.000861401
0.00222884
0.004153
0.000820163
0.00406024
0.00138043
0.00429648
0.0062231
0.00163862
0.00687415
0.0012757
0.00491633
0.00429516
0.00163672
0.00142259
0.000430548
0.00111866
0.00360677
0.00049165
0.00788664
0.00131228
0.00287765
0.00646226
0.0024408
0.00637954
0.00856192
0.00496948
0.00124364
0.000280736
0.00344004
0.000410006
0.0038196
0.00244719
0.00380516
0.00153978
0.00309744
0.00604272
0.00152316
0.00339124
0.00474403
0.00440756
0.000597274
0.0117374
0.00362859
0.00297314
0.00180534
0.00101247
0.00272515
0.000419411
0.000336134
0.00596976
0.00103271
0.00208661
0.00362067
0.00710989
0.00280367
0.000452875
0.0074374
0.00874737
0.000565468
0.00118881
0.00351497
0.00345708
0.00189551
0.00401127
0.00302602
0.00301068
4.51533e-05
0.000582479
0.00359639
0.00313442
0.00406991
0.00586953
0.00192764
0.00856925
0.0055556
0.0093333
0.0119031
0.00257683
0.00275061
0.00115634
0.000912471
0.000153071
0.00289077
0.00477495
0.000404629
0.00651248
0.00677705
0.00520985
0.00340443
0.00280008
0.0028176
0.00291321
0.00667515
0.00682338
0.0091983
0.00949739
0.0069894
0.00552944
0.00418321
0.00523874
0.000861548
0.00282109
0.00332277
0.00124004
0.00443614
0.00748896
0.0004153
0.00664165
0.000293412
0.00257113
0.000291035
0.004893
0.00510571
0.00450035
0.00491261
0.00585677
0.00714507
0.00146269
6.91625e-05
0.00191411
0.00258554
0.00214783
0.00140385
0.00308717
0.000716646
0.00220265
0.00422458
0.00257598
0.00322897
1.05778e-05
0.00157367
0.00374024
0.00779215
0.00752886
0.000469335
0.00636854
0.00258886
0.00550625
0.00626505
0.00278
6.572e-05
0.00644613
0.000279127
0.00932265
9.62986e-05
0.00620854
0.0028667
0.00535413
0.000982697
0.000856993
0.0026582
0.00239473
0.00147624
0.00511954
0.00366572
0.000465316
0.00847135
0.00802588
5.11284e-05
0.000525687
0.00406028
0.00391616
0.001303
0.00141643
0.00136971
0.000935294
0.00527093
0.00164095
0.00368397
0.00645441
0.000619372
0.000263819
0.00162002
0.00646872
0.00117495
0.00294813
0.00133074
0.0074126
0.00223163
0.00332748
0.00823906
0.00274778
0.00372277
0.00100889
0.000371226
0.00365446
0.0025165
0.000495284
0.00340911
0.00579249
0.00729816
0.00328973
0.00125021
0.000907962
0.00937123
0.00712605
0.00186268
0.0011059
0.000746136
0.0015645
0.000584131
0.00445764
0.00362072
0.000577953
0.00355075
0.000263122
0.000899459
0.000620357
0.00559594
0.0029748
0.00548862
0.000906816
0.00455926
0.00165949
0.00260502
0.000221392
0.00774628
0.00888034
0.00353671
0.00606685
0.00214249
0.00530659
0.00175887
0.00172305
0.00531629
0.00214307
0.00543197
0.00310905
0.000221222
0.00339582
0.00340449
0.000914962
0.00181852
0.00279245
0.00471544
0.00770814
0.0102197
0.000839128
0.00209273
0.00015841
0.0051418
0.000413465
0.00221506
0.000453228
0.00184313
0.000798188
0.00116095
0.00437713
0.000513649
0.00609865
0.00123915
0.0071397
0.000151057
0.000487256
0.000681024
0.00890152
0.00721445
0.00806273
0.00404909
0.00468709
0.000263827
0.00735746
0.00210378
0.00391337
0.00182129
0.00274328
0.00406655
0.00337461
0.00264583
0.00125777
0.00108564
0.000474729
2.93967e-05
0.00522762
0.00705385
0.0101066
0.00648896
0.00527405
0.00520593
0.000449178
0.00761922
0.00158356
0.00492205
0.00247476
0.00346483
0.00242684
0.00423389
0.00346348
0.000479933
0.00061114
0.00287368
0.00103313
0.00053295
0.00349059
0.000602809
0.00193053
0.00711794
0.00182015
0.00576945
0.00106104
0.0029035
0.00353296
0.00420164
0.00019796
0.000171215
0.0031734
0.00147939
0.000391344
0.00129663
0.00388633
0.0020434
0.00366365
0.00372136
0.00227692
0.00656735
0.00530755
0.00407218
0.00551785
0.000680726
0.000148513
0.00262221
0.00383809
0.00103876
0.00659397
0.00358737
0.00397007
0.002361
0.00129438
0.00304863
0.00271953
0.00262637
0.00221191
0.00221361
0.00271459
0.00161013
0.000127673
0.00744273
0.00587072
0.00477501
0.00124337
0.00398125
0.00602133
0.00518889
0.00301933
0.00294704
0.000727204
0.00107555
0.00189119
0.00252547
0.00204677
0.00871442
0.00795215
0.00345753
0.00114268
0.00106273
0.00612828
0.00281455
0.00346198
0.00519705
0.00501783
0.00530916
0.00271422
0.00295891
0.0015687
0.00734419
0.00347913
0.00241188
0.00724499
0.00401327
0.00134379
0.00440687
0.0062814
0.00285902
0.00151886
0.0042713
0.000492097
0.00313346
0.00243086
0.00279966
0.00225363
0.00264444
0.0067468
0.00190736
0.00422377
0.000859702
0.00327468
0.00463456
0.00172108
0.00277867
0.000974489
0.00251766
0.000869372
0.00582664
0.0037863
0.00152453
0.00385719
0.00262743
0.00777347
0.000579977
0.00797789
0.00192054
0.00537875
0.00566592
0.00154584
0.000436413
0.00105967
0.00274146
0.00221626
0.00214394
0.00197225
0.00123684
0.00845297
0.0022516
0.00480626
0.000801939
0.00014766
0.00478125
0.000653161
0.000226402
0.000632322
0.0045956
0.00575195
0.00313305
0.000371091
0.000693243
0.00038725
0.00302373
0.00400451
0.00254246
0.00267627
0.00197474
0.00208937
0.00101327
0.000947856
0.000265042
0.00997369
0.00297907
0.00665619
0.00270903
0.0036513
0.00187698
0.00310813
0.000631936
0.00327801
0.00617356
0.00259439
0.000461116
0.000391536
0.00224915
0.00499847
0.00144358
0.000829776
0.000698299
0.000350406
0.00234736
0.00116337
0.00146119
0.00237955
0.000585708
0.00424427
0.00179624
0.00538426
0.000686983
0.00300452
0.0100325
0.0049787
0.00109324
0.00257352
0.00215929
0.00464776
0.00159338
0.00192707
0.00301804
0.00140972
0.00127299
0.00318116
6.82193e-05
0.00679648
0.00141917
0.00112632
0.00457746
0.00215171
0.00299813
0.000146939
0.00126344
0.00084133
0.00460278
0.00204447
0.00312178
0.000382589
0.00349508
0.00757911
0.00240223
0.000527108
0.00424897
0.000699768
0.00555582
0.00110009
0.00153435
0.00590677
0.00497177
0.00603555
0.00310602
0.00254292
0.00154732
0.00179299
0.00241912
0.00014791
0.00745437
0.000606446
0.00316712
0.00186653
0.00124059
0.00436666
0.00370519
0.00343292
0.000867784
0.00507612
0.00114825
0.00603255
0.0077437
0.00116288
0.00230834
0.00308351
0.000725551
0.00252487
0.000967582
0.00829429
0.000308502
4.48845e-05
0.00279917
0.0032681
0.00221965
0.00127708
0.000426033
0.000143001
0.00406588
0.000643268
0.00460694
0.00600809
0.00369643
0.00626215
0.00636272
0.00543543
0.00137988
0.0016255
0.00382187
0.00260841
0.00434488
0.00210843
0.00243414
0.00703893
0.00227834
0.00164664
0.00339788
0.00117499
0.00559506
0.00171767
0.00182062
0.00108898
0.00533384
0.0018149
0.00731559
0.000450934
0.00461032
0.00309155
8.38566e-05
0.00405215
0.000164903
0.00879237
0.00143096
0.00246262
0.00137374
0.00281512
0.000530179
0.002498
0.000804741
0.00218996
0.000166628
0.00909354
0.0033199
0.00267278
0.00102847
0.0001264
0.000489865
0.00574544
0.00493846
0.00247845
0.00858476
0.00327167
0.0026673
0.00628224
0.00247004
0.00391861
0.00118633
0.0019247
0.000130822
0.00697487
0.00309704
0.00500365
0.00367627
0.010192
0.0047183
0.00489522
3.94444e-05
0.0036613
0.00469914
0.00242242
0.00529392
0.00203663
0.00345038
0.00749196
0.00295317
0.00161055
0.00309492
0.00108362
0.00436606
0.00192711
0.00471437
0.0047345
0.00361538
0.0013588
0.00153746
0.0101373
0.000390867
0.000634768
0.0060283
0.001412
0.00396055
0.0029438
0.00246899
0.000866901
0.00230094
0.00543236
0.00171144
0.00590965
0.000128725
0.00390361
0.000563071
0.00677143
0.00363812
0.00196387
0.00335678
0.00292659
0.00219333
0.00665914
0.00155317
0.00173352
0.00129637
0.00100506
0.00825199
0.00333772
0.00681606
0.00461098
0.00328706
0.00150595
0.00388793
0.00213729
0.000966609
0.00304223
0.00406937
0.00154835
0.00110679
0.000605739
0.000179276
0.00474561
0.00276847
0.00940725
5.36282e-05
0.00118214
0.00154224
0.00166356
0.000156625
0.00457381
0.00535373
0.00256214
0.00138731
0.00136467
0.00299213
7.20967e-05
0.00121919
0.00407095
0.00444088
0.0042991
0.000979342
0.00143781
0.00437199
0.000371071
0.00552101
0.00570956
0.00191603
0.00502155
0.000735638
0.00159083
0.00447963
0.00155833
0.00326817
0.00025722
0.00237311
1.15706e-05
0.00920024
0.00778591
0.0104058
0.00836239
0.00872803
0.00692854
0.00709874
0.00558143
0.00588212
0.00339649
0.0109736
0.00418797
1.24813e-05
0.00278948
0.00305767
0.000770484
0.00206685
0.000983781
0.000727116
0.00478267
0.00483611
0.00394253
0.00715165
0.0103392
0.00597797
0.00501277
0.00811692
0.00652078
0.00701502
0.00208836
0.00412436
0.00444533
0.00426887
0.000169018
0.000722454
0.00473483
0.00379946
0.00488723
0.00313832
0.000884113
0.00686533
0.00419788
0.00336746
0.000699264
0.00509636
0.0108245
0.0056281
0.00452788
0.00310476
0.00513594
0.0109349
0.00361145
0.00434625
0.00312553
0.00319449
4.70573e-05
0.006872
0.000486202
0.000775649
0.00340187
0.00448485
0.00248508
0.00362415
0.00303217
0.0017858
0.0100437
0.00449601
0.00342975
0.00175896
0.00114245
0.00818142
0.00298196
0.00191509
0.00818538
0.00529055
0.003234
0.000636803
0.00298744
0.00197371
0.00391003
0.00746033
0.00190763
0.0035529
0.00361883
0.00126975
0.00157044
0.00414866
5.81301e-05
0.00346237
0.00474114
0.00463836
0.00165771
0.00372677
0.00503298
0.000199073
0.00151578
0.00110551
0.00394079
0.0068373
0.00625404
0.0028575
0.00284298
0.00379688
0.00542297
0.00203462
0.00283835
0.00547905
0.00758752
0.000547869
0.00544339
0.00643508
0.00233993
0.00210726
0.00396783
0.00641062
0.00102559
0.00117655
0.000735885
0.00176117
0.00295786
0.00249166
0.00151049
0.00113064
0.00704194
0.00243085
0.00185268
0.00256405
0.00437851
0.00353782
0.00059546
0.00199029
0.00119064
0.00452362
0.00326903
0.00164652
0.00327357
0.00437658
0.00472081
0.0066104
0.00114094
0.0018009
0.000846898
0.00100622
0.00118482
0.00536402
0.000814299
0.00123159
0.0032445
0.00250393
0.00252052
0.00274353
0.00699447
0.00198271
0.000432288
0.00407669
0.00271297
0.000199207
0.00403001
0.00466915
0.00716211
0.00659359
0.010757
0.0114867
0.00814028
0.0111546
0.00504892
0.00895786
0.00513344
0.0105771
0.00653112
0.00558092
0.00850529
0.00820123
0.00146705
0.00810761
0.000620032
0.000177985
0.000277984
0.00685257
0.000194295
0.0129665
0.000840451
0.00962645
0.000898716
0.00587302
0.00164767
0.00174168
0.00152423
0.000516082
0.00656481
4.38326e-05
0.00960878
1.27246e-05
0.00461459
8.63673e-05
0.000538139
0.00685225
0.000741356
0.00803004
0.00540851
0.00377965
0.013201
0.0119115
0.00843986
0.00931098
0.00674825
0.00518819
0.00781511
0.010532
0.00866238
0.00846401
0.00130209
0.00528703
0.00652192
0.00508423
0.00472471
0.000681697
0.00287207
0.0102606
0.00840425
0.00764897
0.00508565
0.0046967
0.0109766
0.00461169
0.00701691
0.00100587
0.000356519
0.00221237
0.0029364
0.00285855
0.0104864
0.00435238
0.00286144
0.00256974
0.00170318
0.00110078
0.00309417
0.000777457
0.00386802
0.0072728
0.0109718
0.00705552
0.00278248
0.00683613
0.00123898
0.00334368
0.00619558
0.00557812
0.000121553
0.00373427
0.00105684
0.00466126
0.00172376
0.00201657
0.00321561
0.00119539
0.00412305
0.00222121
0.00640376
0.00651882
0.00631426
0.00427717
0.00330548
0.000593734
0.00746002
0.00142516
0.00549468
0.000757923
0.00361721
0.00697593
0.00281953
0.00397718
0.001965
0.00493807
0.00184703
0.00281023
0.000516648
0.00172208
0.00376095
0.00501349
0.00094784
0.0094407
0.000145029
0.00791575
0.00207288
0.000861548
0.00123512
0.00653251
0.00120876
0.000882605
0.00601713
0.00334806
0.00252643
0.00250388
0.00237652
0.00183408
0.00176312
0.000618481
0.00409043
0.00023395
0.000174827
0.00424849
0.000511178
0.00402462
0.00907799
0.00104253
0.000814518
0.0021981
0.00284948
0.00216028
0.00761816
0.00231153
0.00432476
0.0030691
0.0063613
0.00124714
0.00396142
0.00721399
0.0076379
0.00855144
0.0133212
0.00486335
0.0164011
0.012603
0.0120138
0.0113805
0.0082771
0.0117703
0.00209459
0.00774737
0.00716159
0.0045799
0.00964189
0.00576614
0.000719798
0.00359099
0.00522992
0.00108625
0.00594524
0.0144584
0.0062602
0.00771469
0.00839875
0.00986898
0.0132656
0.00520638
0.00877302
0.00357925
0.0109351
0.00948538
0.0114783
0.00187195
0.00894735
0.00712099
0.00183626
0.00175773
0.00479381
0.00327753
0.00896484
0.016647
0.00767533
0.00739537
0.013413
0.00993951
0.00821613
0.00797638
0.0102932
0.0075834
0.00884286
0.00872884
0.00538488
0.00944323
0.0107406
0.00243844
0.00208326
0.00654887
0.0120795
0.00589927
0.000149949
0.00629453
0.00241319
0.00699857
0.00446754
0.0116432
0.00334972
0.0102828
0.0117851
0.00813838
0.00543779
0.00540072
0.0117841
0.00289489
0.00889847
0.00239634
0.000569927
0.0112765
0.00108061
0.00778808
0.00504017
0.00522002
0.0106828
0.00457904
0.00221543
0.00575682
0.0117173
0.00274405
0.00479572
0.0120334
0.00287747
0.00819455
0.00499965
0.00466763
0.00296873
0.00231508
0.000447156
0.00456396
0.00384762
0.00430722
0.003082
0.00210544
0.00461272
0.004578
0.00535173
0.00212044
0.00470086
0.00495741
0.00418047
0.0081854
0.00245385
0.00652698
0.00409485
0.00336088
0.00527679
0.00159426
0.000693913
0.00618512
0.00334433
0.010484
0.00156888
0.00169348
0.00510922
0.00313149
0.00266254
0.00114871
0.00376031
0.00349429
0.00102405
0.0038503
0.000989532
0.00396194
0.00782302
0.00760244
0.00793669
0.00192917
0.000730003
0.00248731
0.00343699
0.00389119
0.00130642
0.00267847
0.000822688
0.00323167
0.000516485
0.00214389
0.00543746
0.00360157
0.0018467
0.00296127
0.00644832
0.00416077
0.00444165
0.00492551
0.00550752
0.00511986
0.00387895
)
;

boundaryField
{
    hotSide
    {
        type            fixedGradient;
        gradient        nonuniform List<scalar> 
400
(
321.511
322.87
325.591
329.677
335.133
341.965
350.181
359.788
370.794
383.208
397.037
412.289
428.971
447.088
466.647
487.651
510.105
534.011
559.372
586.191
323.738
325.08
327.767
331.802
337.194
343.949
352.078
361.591
372.498
384.81
398.537
413.687
430.268
448.289
467.755
488.672
511.043
534.872
560.161
586.913
326.149
327.47
330.116
334.091
339.406
346.071
354.099
363.503
374.296
386.491
400.101
415.136
431.606
449.52
468.885
489.706
511.988
535.735
560.948
587.63
328.704
330
332.597
336.503
341.73
348.292
356.205
365.485
376.15
388.215
401.695
416.604
432.954
450.753
470.009
490.73
512.919
536.579
561.714
588.325
331.33
332.599
335.142
338.97
344.099
350.546
358.332
367.477
378.003
389.928
403.271
418.047
434.27
451.949
471.095
491.712
513.807
537.382
562.439
588.978
333.918
335.158
337.643
341.389
346.414
352.74
360.392
369.397
379.779
391.562
404.765
419.407
435.503
453.065
472.101
492.618
514.622
538.114
563.096
589.569
336.321
337.531
339.959
343.622
348.544
354.751
362.274
371.142
381.385
393.031
406.101
420.618
436.595
454.047
472.983
493.409
515.33
538.747
563.663
590.076
338.36
339.543
341.92
345.509
350.339
356.44
363.847
372.595
382.718
394.244
407.2
421.608
437.485
454.844
473.695
494.045
515.897
539.253
564.114
590.478
339.852
341.015
343.352
346.885
351.645
357.665
364.985
373.643
383.675
395.113
407.984
422.312
438.116
455.407
474.197
494.491
516.294
539.606
564.428
590.758
340.643
341.795
344.11
347.613
352.334
358.311
365.584
374.193
384.176
395.567
408.393
422.679
438.443
455.699
474.456
494.722
516.498
539.788
564.589
590.901
340.643
341.795
344.11
347.613
352.334
358.311
365.584
374.193
384.176
395.567
408.393
422.679
438.443
455.699
474.456
494.722
516.498
539.788
564.589
590.901
339.852
341.015
343.352
346.885
351.645
357.665
364.985
373.643
383.675
395.113
407.984
422.312
438.116
455.407
474.197
494.491
516.294
539.606
564.428
590.758
338.36
339.543
341.92
345.509
350.339
356.44
363.847
372.595
382.718
394.244
407.2
421.608
437.485
454.844
473.695
494.045
515.897
539.253
564.114
590.478
336.321
337.531
339.959
343.622
348.544
354.751
362.274
371.142
381.385
393.031
406.101
420.618
436.595
454.047
472.983
493.409
515.33
538.747
563.663
590.076
333.918
335.158
337.643
341.389
346.414
352.74
360.392
369.397
379.779
391.562
404.765
419.407
435.503
453.065
472.101
492.618
514.622
538.114
563.096
589.569
331.33
332.599
335.142
338.97
344.099
350.546
358.332
367.477
378.003
389.928
403.271
418.047
434.27
451.949
471.095
491.712
513.807
537.382
562.439
588.978
328.704
330
332.597
336.503
341.73
348.292
356.205
365.485
376.15
388.215
401.695
416.604
432.954
450.753
470.009
490.73
512.919
536.579
561.714
588.325
326.149
327.47
330.116
334.091
339.406
346.071
354.099
363.503
374.296
386.491
400.101
415.136
431.606
449.52
468.885
489.706
511.988
535.735
560.948
587.63
323.738
325.08
327.767
331.802
337.194
343.949
352.078
361.591
372.498
384.81
398.537
413.687
430.268
448.289
467.755
488.672
511.043
534.872
560.161
586.913
321.511
322.87
325.591
329.677
335.133
341.965
350.181
359.788
370.794
383.208
397.037
412.289
428.971
447.088
466.647
487.651
510.105
534.011
559.372
586.191
)
;
    }
    coldSide
    {
        type            mixed;
        refValue        uniform 300;
        refGradient     uniform 0;
        valueFraction   uniform 0.991591;
        source          uniform 0;
        value           nonuniform List<scalar> 
400
(
300.04
300.027
300.022
300.049
300.034
300.023
300.046
300.042
300.033
300.037
300.028
300.039
300.035
300.037
300.026
300.037
300.039
300.048
300.043
300.032
300.038
300.029
300.029
300.032
300.039
300.038
300.021
300.026
300.041
300.03
300.029
300.04
300.04
300.029
300.042
300.048
300.039
300.049
300.034
300.048
300.03
300.016
300.01
300.027
300.032
300.025
300.043
300.038
300.022
300.02
300.038
300.016
300.02
300.031
300.047
300.032
300.028
300.02
300.037
300.029
300.023
300.033
300.03
300.025
300.04
300.015
300.031
300.028
300.031
300.031
300.031
300.016
300.043
300.037
300.021
300.05
300.036
300.035
300.049
300.036
300.034
300.03
300.041
300.033
300.042
300.04
300.011
300.029
300.018
300.043
300.037
300.036
300.034
300.032
300.048
300.055
300.04
300.033
300.038
300.046
300.029
300.027
300.018
300.036
300.039
300.029
300.042
300.033
300.006
300.031
300.028
300.023
300.003
300.045
300.041
300.033
300.026
300.036
300.039
300.042
300.018
300.034
300.029
300.027
300.021
300.03
300.024
300.025
300.036
300.031
300.034
300.032
300.024
300.043
300.042
300.03
300.048
300.035
300.028
300.032
300.014
300.015
300.031
300.027
300.027
300.028
300.035
300.049
300.021
300.036
300.029
300.028
300.026
300.035
300.039
300.028
300.026
300.035
300.038
300.041
300.032
300.032
300.019
300.023
300.025
300.019
300.02
300.012
300.042
300.046
300.047
300.041
300.029
300.025
300.054
300.034
300.035
300.052
300.029
300.035
300.03
300.036
300.033
300.015
300.004
300.042
300.042
300.04
300.031
300.031
300.02
300.04
300.036
300.035
300.044
300.03
300.041
300.04
300.016
300.026
300.032
300.025
300.028
300.044
300.026
300.03
300.025
300.031
300.028
300.035
300.038
300.033
300.026
300.032
300.029
300.034
300.026
300.035
300.037
300.031
300.014
300.031
300.031
300.036
300.016
300.03
300.033
300.038
300.038
300.029
300.039
300.041
300.032
300.033
300.017
300.015
300.038
300.03
300.037
300.035
300.029
300.038
300.037
300.006
300.026
300.024
300.027
300.031
300.033
300.032
300.051
300.027
300.034
300.048
300.045
300.037
300.023
300.032
300.045
300.032
300.011
300.015
300.026
300.016
300.027
300.01
300.03
300.027
300.021
300.031
300.031
300.048
300.048
300.026
300.038
300.036
300.022
300.044
300.046
300.023
300.026
300.033
300.028
300.022
300.033
300.019
300.023
300.046
300.017
300.027
300.048
300.04
300.03
300.02
300.023
300.028
300.042
300.031
300.033
300.029
300.024
300.032
300.024
300.012
300.015
300.04
300.033
300.032
300.041
300.027
300.005
300.033
300.027
300.031
300.05
300.027
300.024
300.02
300.019
300.028
300.031
300.03
300.03
300.049
300.008
300.024
300.038
300.016
300.044
300.03
300.051
300.028
300.023
300.021
300.041
300.041
300.038
300.043
300.044
300.027
300.029
300.037
300.007
300.028
300.018
300.033
300.05
300.035
300.036
300.032
300.019
300.036
300.05
300.037
300.03
300.038
300.032
300.036
300.027
300.053
300.018
300.019
300.049
300.047
300.056
300.037
300.045
300.023
300.03
300.034
300.025
300.034
300.038
300.026
300.044
300.036
300.024
300.027
300.046
300.026
300.029
300.032
300.025
300.031
300.035
300.026
300.032
300.022
300.036
300.026
300.04
300.058
300.032
300.033
300.032
300.034
300.032
300.03
300.022
300.029
)
;
    }
    adiabaticPlanes
    {
        type            fixedGradient;
        gradient        uniform 0;
    }
}

