/*--------------------------------*- C++ -*----------------------------------*\
| =========                 |                                                 |
| \\      /  F ield         | OpenFOAM: The Open Source CFD Toolbox           |
|  \\    /   O peration     | Version:  2212                                  |
|   \\  /    A nd           | Website:  www.openfoam.com                      |
|    \\/     M anipulation  |                                                 |
\*---------------------------------------------------------------------------*/
FoamFile
{
    version     2.0;
    format      ascii;
    arch        "LSB;label=32;scalar=64";
    class       volScalarField;
    location    "0";
    object      relativeErrorField;
}
// * * * * * * * * * * * * * * * * * * * * * * * * * * * * * * * * * * * * * //

dimensions      [0 0 0 1 0 0 0];

internalField   nonuniform List<scalar> 
3200
(
0.0103975
0.00653996
0.0105739
0.00438906
0.0135727
0.00925307
0.00334336
0.0118906
0.0114131
0.00304252
0.0113376
0.00710009
0.00994216
0.000332646
0.00912871
0.00492077
0.00466557
0.0098591
0.00537819
0.0117461
0.0133504
0.00737813
0.0113159
0.00728458
0.0016292
0.00708547
0.00346491
0.0145167
0.00447599
0.0114258
0.00527837
0.016291
0.014766
0.00967885
0.000896624
0.00144578
0.0036009
0.00510276
0.0121114
0.00173516
0.00334464
0.0015429
0.000145509
0.00042323
0.00427508
0.00411485
0.0110324
0.00742535
0.0014678
0.011906
0.0137319
0.00282991
0.00889139
0.00113585
0.00885149
0.000942961
0.0118494
0.0128168
0.00493888
0.00892784
0.00617323
0.00547366
0.00770836
0.00429112
0.0101027
0.0042116
0.0071501
0.0140984
0.00492317
0.00648756
0.0142337
0.00153807
0.00285489
0.0115057
0.00336816
0.00703506
0.00312114
0.00922396
0.0100363
0.00753723
0.0066156
0.00232234
0.00932233
0.00198882
0.00096744
0.00166458
0.00803149
0.000664383
0.00446145
0.00835873
0.00291186
0.00239143
0.00352471
0.00909413
0.0137091
0.00166659
0.00215306
0.00129735
0.00105092
0.00999986
0.00598434
0.00359893
0.00214315
0.0107998
0.00130621
0.00278291
0.00470989
0.00768322
0.00726764
0.00695749
0.00745042
0.00389867
0.00371936
0.00704984
0.00404342
0.00253515
0.00194635
0.00522499
0.00159783
0.01043
0.00154019
0.00424043
0.00616469
0.00176101
0.00294735
0.00153141
0.00292361
0.00276641
0.00239926
0.00454232
0.00193941
0.00528753
0.000974734
0.00478532
0.00755356
0.00204869
0.00189502
0.000489687
0.00601096
0.000729471
0.00275905
0.00256999
0.000559739
0.00331636
0.000648922
0.0025452
0.00807586
0.00164043
0.00204468
0.00585258
0.00386716
0.00157866
0.00146228
0.00694709
0.00918665
0.00269078
9.36369e-05
0.000209585
0.00181889
0.0104952
0.00386003
0.00030919
0.00400427
0.000534908
0.00360503
0.00946031
0.0074875
0.00630908
0.0137271
0.00995892
0.00290811
0.00731613
0.00400545
0.0164193
0.0106836
0.00652664
0.00717401
0.00409173
0.00798831
0.00155791
0.00357583
0.00188398
0.00341765
0.000437643
0.00610035
0.000723398
0.00317533
5.11652e-05
0.0067327
0.000662244
0.000200122
0.00601472
0.0020279
0.00277065
0.000509218
0.00390643
0.000570229
0.00730917
0.00215237
0.00697208
0.000625312
0.00235565
0.00479034
0.00301166
0.00684539
0.00236599
0.0054745
0.0114543
0.00999905
0.00373321
0.0023451
0.00663281
0.0131089
0.00902856
0.00535137
0.00362332
0.00696378
0.00193311
0.0059488
0.00211296
0.00312074
0.00136169
0.00161069
0.00721571
0.00193364
0.00391954
0.00927278
0.0041357
0.0088947
0.00475102
0.00163724
0.00824629
0.00360092
0.00227775
0.00939739
0.00145714
0.00242104
0.00340419
0.00553012
0.0095259
0.000952467
0.00309005
0.00160917
0.00825466
0.00387519
0.00244129
0.00179863
0.00433983
0.00893067
0.0089334
0.0084045
0.00832215
0.00157668
0.00865488
0.0114331
0.00251805
0.00452866
0.00858883
0.000275647
0.00635697
0.00134485
0.0045816
0.00575071
0.00159089
0.00446194
0.00305988
0.00634753
0.00835699
0.000135088
0.00315443
0.0104104
0.00120309
0.00473514
0.00674821
0.00346497
0.00671607
0.00134421
0.0104051
0.00731031
0.000259887
0.00307174
0.00547905
0.00485541
0.00466077
0.000956054
0.00277546
0.00332716
0.00117284
0.00149831
0.00126693
0.000266945
0.000667459
0.00601606
0.00351196
0.00360297
0.00156386
0.00667747
0.00148926
0.00397522
0.00433731
0.00183746
0.00104019
0.00135967
0.00206304
0.00310423
0.00169461
0.00240637
0.00107808
0.00501043
0.000620493
0.00327411
0.00342687
0.000640793
0.00148412
0.00331284
0.00151567
0.0108943
0.00178329
0.0060189
0.00525613
0.00167182
0.000913677
0.00355314
0.00338888
0.00124428
0.00270962
0.00429952
0.00508416
0.00356419
0.00359519
0.00445666
0.00455541
0.00778785
0.0104493
0.00382262
0.000286933
1.94204e-05
0.00355683
0.00196633
0.00237659
0.00144884
0.00297987
0.00752891
0.0013248
0.00219794
0.00627985
0.00710964
0.00488922
0.00392832
0.00488156
0.00349494
0.00464357
0.00807076
0.00125602
0.00393847
0.00188295
0.000675793
0.000623652
0.00167822
0.00115075
0.00551445
0.00142093
0.00887118
0.0121474
0.00420089
0.000850214
0.00462773
0.00943928
0.00239972
0.00492213
0.00764637
0.0087763
0.00642179
0.00273837
0.000136087
0.00208239
0.00253245
0.00349806
0.000851675
0.00360879
0.0029417
0.00374386
0.00378444
0.00123765
0.000322359
0.00824427
0.00407125
4.94014e-05
0.004938
0.00229286
0.00301923
0.00476002
0.00400686
0.00724626
0.00730064
0.00371193
0.00816866
0.00211139
0.00384856
0.00149032
0.00681107
0.00111971
0.00138575
0.00540239
3.7483e-05
0.00192472
0.00600726
0.00708205
0.00190367
0.00178562
0.00757844
0.00575007
0.00394467
0.000143346
0.0018308
0.0114897
0.00461449
0.00423116
0.00184182
0.0104587
0.00341881
0.00435678
0.00378155
0.00559399
0.00356055
0.00182758
0.00112961
0.00109464
0.00270653
0.00679689
0.00121412
5.96865e-05
0.00504603
0.00326616
0.00189509
0.000843093
0.00657567
0.00482636
0.00439761
0.00898113
0.00268683
0.000223841
0.00522045
0.00475862
0.00265823
0.00477032
0.00370744
0.00648337
0.0118551
0.00152572
0.00334775
0.00297469
0.00265221
0.00436603
0.000707585
0.00162023
0.00726249
0.00710887
0.00728801
0.00376093
0.00335865
0.00326517
0.00576997
0.0109563
0.00134374
0.00415802
0.00445192
0.00185882
0.00625998
0.0015188
0.00423609
0.000101768
0.00179871
3.07226e-06
0.000701346
0.00964827
0.0072069
0.00271053
0.00613713
0.005152
0.00255137
0.00109677
0.00707422
0.0122742
0.00664131
0.0062188
0.004195
0.00276726
0.00148265
0.00905386
0.00758055
0.00183465
0.00500085
0.0110507
0.00322152
0.00131635
0.00351916
1.54065e-05
0.000354444
0.00643771
0.00128979
0.000932664
0.000410551
8.39406e-05
0.00388464
2.63949e-05
0.00184319
0.000910339
0.0045344
0.000353857
0.000547854
0.00781436
0.000759069
0.00364864
0.00070161
0.00372422
0.000332618
0.00363772
0.0013401
0.000786577
0.000828424
0.005619
0.00809164
0.00244162
0.00674916
0.00373215
0.00521305
0.00308575
0.00477665
0.00495537
0.00405337
0.00584528
0.00178345
0.00532817
0.000868481
0.00320736
0.00435408
0.00421933
0.00360544
0.00129347
0.00778922
0.00554339
0.000389005
0.00993391
0.00025682
0.00208844
0.00019981
0.00114017
0.00489245
0.00113689
0.0021945
0.00487514
0.00100702
0.000848442
0.00770432
0.00281611
0.00322754
0.00150397
7.15994e-05
0.00086669
0.00671632
0.000609426
0.0107336
0.00136751
0.00173214
0.000823617
0.00669416
0.00395854
0.00137399
0.00426165
0.00820206
0.0131947
0.000468873
0.00188642
0.0126805
0.00147727
0.000356897
0.00492111
0.00642707
6.03603e-05
3.18791e-05
0.00085914
0.000477931
0.00464519
0.000288956
0.0035744
0.00110418
9.28816e-05
0.00529987
0.0043572
0.00102157
0.00572154
0.00404328
0.00504715
0.00316054
0.00570795
0.00632618
0.00329229
0.000114259
0.00108511
0.00178523
0.000474107
0.00253239
0.00818763
0.00398668
0.00309823
0.00292233
0.00411313
0.00165655
0.011385
0.00658139
0.000734584
0.000488411
0.000930057
0.00785118
0.000607162
0.00279896
0.00411063
0.00749981
0.00408906
0.00675668
0.000471877
0.00185742
0.00143601
0.00106537
0.00237135
0.00109959
0.0052078
0.00542833
0.0025587
0.00032596
0.00173396
0.00536055
0.000592443
0.00138143
0.00242697
0.00274813
0.00136518
0.00575373
0.00723955
0.007086
0.000442618
0.00228231
0.00403736
0.00070344
0.00140757
0.00561936
0.00056735
0.00506559
0.0068441
0.00574315
0.00118735
0.00774735
0.00305495
0.00520759
0.00476046
0.00249989
0.00637908
0.000959255
0.0100688
0.00367351
0.000508946
0.000631471
0.00291598
7.06529e-05
0.00306438
0.0010104
0.00538891
0.00234603
0.00349417
0.00425808
0.00192005
0.00300986
0.00314721
0.00272599
0.000195949
0.00236039
0.00203266
0.000945122
0.00462264
0.00258269
0.00205563
0.00273609
0.00465966
0.00901221
0.00339902
0.00411281
0.00388607
0.00270117
6.20623e-05
0.00285224
0.000322195
0.000834306
0.00386808
0.00781463
0.00567841
0.00696207
0.0048153
0.00317517
0.00472242
0.00293585
0.00898714
0.00462736
0.00354009
0.00338549
0.00526873
0.00612523
0.0037771
0.00375877
0.00255802
0.00203049
0.00491693
0.00110229
0.000715032
0.000881732
0.00559395
0.00194688
0.0026669
0.000640655
0.00263548
0.00195705
0.00275327
0.000591797
0.00293738
0.00103359
0.000940297
0.00815227
0.00252348
0.00315504
0.00109627
0.00329349
3.82002e-05
0.00565624
0.00044564
0.000511172
0.000957664
0.000195337
0.00784512
0.00486517
3.87815e-07
0.000834594
0.00227197
0.00290146
0.00984854
0.00119452
0.00393777
0.0025563
0.0111606
0.00160956
0.00376511
0.00242346
0.00467475
0.00192882
0.00583805
0.00495595
0.000104488
0.00112747
0.00164942
0.0059194
0.00302781
0.00691226
0.00116544
0.000402184
0.000254607
0.00899242
0.00686981
0.00378655
0.00414521
0.00623475
0.00716867
0.00127261
0.00340472
0.00121586
0.00373813
0.00263335
0.00205796
0.00597966
0.000308302
0.00600699
0.00775142
0.00176111
0.00330364
0.000604834
0.00135162
0.00130236
0.00291065
0.00172487
0.00110994
0.00430905
0.000921938
0.00150205
0.000793346
0.00157022
0.0032861
0.00719388
0.000881167
0.00502757
0.005798
0.00330424
0.00534809
0.00721451
0.00170114
0.00683055
0.00194633
0.00121921
0.00485452
0.00107232
0.000987669
0.0075082
0.00749042
0.00676569
0.00126472
0.0015887
0.00614853
0.0067677
0.00352451
0.000481651
0.00668966
0.00486841
0.00186188
0.00497806
0.0028721
0.000984224
0.000679351
0.00117474
0.00225771
0.0028288
0.00149189
0.00169377
3.2149e-05
0.00154307
0.00529122
0.000225223
0.00529625
0.00181967
0.00834194
0.000469086
0.00196062
0.00146556
0.000765795
0.00135958
0.00115331
0.00170779
0.00451155
0.00200419
0.00274057
0.00641422
0.0114011
0.00126964
0.00103626
0.00468301
0.00326167
0.00477172
0.00273021
0.000703246
0.00180031
0.00357664
0.00186593
0.00303481
0.00240189
0.00108805
0.000450322
0.00478537
0.00601361
0.00139899
0.00445944
0.00218385
0.00027828
0.00135896
0.00066147
0.000335037
0.00472103
0.00264261
0.00502859
0.00798566
0.00378842
0.00142358
0.00302575
0.0062546
0.00381996
0.00300016
0.000412395
0.00303222
0.00299102
0.00342009
0.000181593
0.000608688
0.000398164
0.00541
0.00240219
0.00013016
0.0021264
0.0036651
0.00245623
0.00656097
0.00118452
0.00409095
0.00180037
0.00170249
0.00365239
0.00305606
0.00309267
0.0023259
0.00724128
0.000218357
3.01355e-05
0.00103669
0.00586795
0.00243785
0.00303338
0.000416618
0.00971777
0.00200803
0.0051462
0.000776016
0.00168328
0.00467532
0.00313511
0.00244276
0.000107625
0.0019089
0.0118504
0.000109569
0.00387121
0.00527832
0.00448822
0.000716931
0.00228436
0.00687852
0.00196994
0.00259818
4.80218e-06
0.00631056
0.00555635
0.00156367
0.00311826
0.00189865
0.00709011
0.00109523
0.00299935
0.00333516
0.0014314
0.0149976
4.05161e-05
0.000683606
6.24064e-05
0.00135536
0.00069468
0.00584151
0.00963517
0.000319793
0.0069856
0.00266835
0.000891019
0.00458695
0.0042826
0.00105044
0.00525118
0.00231824
0.00131409
0.0093965
0.00646031
0.00403212
0.00963898
0.00887788
0.00131988
0.00560894
0.00480906
0.00194701
0.00192087
0.00956524
0.00466649
0.011754
0.00689331
0.00597817
0.00488443
0.00437578
0.00648994
0.00295756
0.00337528
0.00544067
0.00199706
0.00499285
0.00139501
0.00111537
0.0113683
0.00553267
0.0100149
0.00128424
0.0036963
0.0037117
0.00804488
0.0117681
0.00577932
0.00565323
0.00782597
0.00434038
0.00920558
0.00903209
0.00687566
0.00263016
0.00425183
0.00747383
0.00732109
0.00517876
0.00112813
0.00195382
0.00563899
0.00671471
0.0062931
0.00166519
0.0070453
0.00464448
0.00461336
0.00305601
0.00271458
0.00088299
0.00332684
0.00295585
0.00333951
0.0011443
0.000749468
0.00186092
0.00889972
0.0038976
0.00599077
0.000243738
0.000971491
0.00107338
0.000446074
0.00479072
0.00703611
0.00377683
0.00564751
0.000632238
0.00338131
0.010776
0.00557703
0.0082254
0.00220546
0.0066026
0.00047832
0.00334916
0.000869955
0.00455289
0.00294101
0.00770551
0.00613593
0.00208249
0.00829958
0.00964144
0.00309954
0.00328171
0.00620326
0.00169952
0.00204078
0.00544399
0.00346548
0.00100119
0.0069271
0.00309492
0.000981006
0.00178298
0.00866113
0.00654507
0.00598639
0.000771315
0.00351517
0.00498813
0.00207008
0.00268905
0.00362873
0.000993161
0.00279765
0.00444876
0.00511621
0.0112619
0.0104134
0.00286241
0.000642204
0.00284779
0.00074881
0.00297968
0.00233164
0.00557247
0.00771012
0.00291702
0.00474336
0.000213357
0.00825118
0.00235666
0.0028388
0.00613514
0.00228795
0.000238217
0.00103153
0.00380774
0.0039559
0.00364699
6.43984e-05
0.00128316
0.00806959
0.00571761
0.00268982
0.00220465
0.00317089
0.00378927
0.00426559
0.013753
0.0069298
0.000395525
0.0050991
0.00439185
0.00150135
0.0024265
0.0108543
0.000160797
0.000983137
0.0055016
0.00183783
0.00277437
0.0054839
0.00210289
0.0109444
0.00979321
0.00295311
0.00328608
0.0128567
0.00183703
0.00565398
0.0028327
0.0166469
7.45672e-05
0.00712747
0.00819088
0.00935948
0.00848534
0.011772
0.0029879
0.00667942
0.00381788
0.00221257
0.00708269
0.00417614
0.00371808
0.00164992
0.00591459
0.000691879
0.00544509
9.54806e-05
0.000155379
0.00773583
0.00178698
0.0112911
0.00155939
0.00466651
0.000634467
0.00840523
0.00333519
0.00317292
0.00132703
0.00113939
0.00364191
0.00220793
0.00294074
0.00414152
0.00132078
0.00373221
0.000128
0.00036422
0.000765693
0.00675604
0.0132151
0.00678293
0.00479197
0.0084734
0.00990924
0.00334325
0.00787082
0.00257614
0.00656877
0.0039298
0.0016909
0.00514528
0.00424148
0.00114822
0.00604682
0.00481709
0.000286978
0.00486045
0.00451007
0.00972463
0.00535624
0.00119183
0.00453385
0.00442395
0.00600578
0.000654082
0.00433459
0.000890083
0.00784605
0.00085863
0.00613521
0.00690945
0.00461792
0.00510105
0.000825417
0.000472626
0.00271079
0.00097948
0.00185615
0.00533718
0.00116857
0.00162097
0.00206294
0.00275675
0.0146234
0.00506306
0.00181253
0.00184926
0.00275264
0.00355993
0.00254764
0.00572069
0.00719546
0.00028744
0.00357615
0.00803423
0.00668877
0.00789548
0.00467974
0.00192368
0.00494799
0.00479342
0.00569021
0.00167673
0.00739645
0.00711838
0.00265732
0.00921829
0.00570172
0.00381951
0.00525252
0.00161837
0.00215058
0.00446137
0.00297154
0.00169075
0.00620749
0.00579184
0.00839104
0.00433874
0.00368126
5.67141e-05
7.12748e-05
0.00183936
0.00396687
0.00250562
0.000238917
0.00144173
0.00824586
0.00154393
0.00631644
0.000805149
0.00430541
0.00709256
0.000943248
0.00205705
0.000522785
0.000282942
0.00175103
0.000284034
0.00184543
0.00246894
0.00230916
0.00882583
0.00326007
0.00453066
0.000397554
0.00511174
7.99286e-05
0.000105861
0.00493562
0.00945368
0.0115123
0.00948314
0.00552884
0.0129144
0.00651631
0.00471825
0.0100113
0.00703768
0.0144087
0.00364176
0.00392564
0.00293391
0.0127795
0.00252492
0.010863
0.00426556
0.00019355
0.00156975
0.0123109
0.00519742
0.0142007
0.0103736
0.00974649
0.0111012
0.00847628
0.00917138
0.00194236
0.0061155
0.00303203
0.00671584
0.00969295
0.0113212
0.00423649
0.010592
0.00285521
0.00935899
0.00396772
0.00212502
0.001645
0.0099084
0.00179736
0.0017228
0.00411136
0.0102015
0.00617985
0.000856999
0.00551675
0.00988029
0.00369255
0.00130234
0.00166307
0.00820482
0.00906359
6.72777e-05
0.00366071
0.00256693
0.00356733
0.00406922
0.00657424
0.00701387
0.00236739
0.0125296
0.000949508
0.00577382
0.00453018
0.00536338
0.00388773
0.0023687
0.00443216
0.00994691
0.011908
0.0039861
0.00767135
0.00629443
0.00102994
0.00361702
0.00739982
0.00688271
0.00043197
0.00367568
0.00215297
0.00481403
0.000592002
0.00265491
0.000312484
0.00286042
0.00172706
0.00889769
0.00234278
0.00758858
0.000639055
0.002117
0.00145082
0.00048381
0.00840577
0.00908111
0.00727734
0.00121422
0.00877348
0.00438514
0.000820101
0.0089001
0.00500769
0.000995151
0.002887
0.000660335
0.00139717
0.00229585
0.00199839
0.0051568
0.000675603
0.00135669
0.00494232
0.00464454
0.00731629
0.0059701
0.00465325
8.95541e-06
0.00445739
0.00180085
0.00463043
0.00238517
0.00246697
0.00207868
0.00821333
0.000509726
0.00376766
0.00181237
0.00115175
0.00102456
0.00443892
0.00416138
0.00825054
0.0117333
0.00730843
0.000814591
0.00300293
0.00629508
0.00978994
0.00276267
0.00206824
0.00160359
0.00146512
0.00457975
0.00143448
0.000346158
0.0080362
0.0056953
0.00920037
0.00702059
0.00972679
0.00910035
0.00435115
0.00349525
0.0055411
0.00266321
0.00634657
0.00734922
0.0135664
0.0025669
0.0101176
0.00346056
0.0134549
0.0123708
0.0130188
0.0109219
0.00723992
0.00713793
0.00642165
0.0100825
0.0133697
0.00638085
0.00812983
0.00707953
0.00564972
0.00222076
0.000432374
0.00166713
0.00528345
0.00125589
0.0119643
0.00200455
0.00804442
0.00132051
0.00686783
0.000247366
0.000429061
0.00823957
0.000536906
0.00720578
0.00109468
0.0048037
0.000693265
0.00238912
0.00361194
0.00428713
0.00335231
0.0100849
0.00533114
0.00473959
0.00412715
0.00604263
0.00414067
0.00762189
0.00649558
0.00924823
0.00941092
0.0151506
0.0060696
0.00818971
0.00619174
0.00941868
0.00197987
0.00748625
0.00909713
8.23724e-05
0.00184957
0.00118743
0.00102896
0.00613102
0.00348023
0.00895638
0.00150719
0.00284148
0.00567436
0.00279661
0.00224286
0.00519
0.00590188
0.00836641
0.000720878
0.0078778
0.0055105
0.014986
0.00380624
0.00545682
0.0038609
0.00538538
0.00369834
0.00371664
0.0117509
0.000924289
0.0069099
0.00282695
0.000823935
0.00102761
0.0069985
0.00120224
0.0108744
0.00864681
0.00174967
0.0018175
0.00152844
0.0023264
0.00585907
0.00372419
0.00190451
0.00184547
0.00384478
0.000983444
0.00944482
0.00210472
0.00274529
0.00694258
0.00665441
0.000286964
0.00240824
0.00393504
0.00633171
0.00272264
0.00347295
0.0139303
0.00196768
0.00102804
0.00187255
0.0056883
0.00300612
0.00116096
0.000902607
0.00186423
0.00385101
0.00444241
0.000855779
0.00102396
0.000718321
0.00201753
0.00573105
0.00203289
0.00221613
0.00346816
0.000345242
0.00367557
0.0045936
0.00172535
0.00281335
0.00360396
0.00243892
6.05819e-05
0.00210467
0.00624429
0.00107097
0.00482243
0.00138335
0.00525309
9.65991e-05
0.00934583
0.00163352
0.010322
0.00638665
0.00554796
0.000644802
0.00484197
0.00395732
0.000129473
0.000821261
0.000944166
0.000796774
0.0038372
0.00292773
0.00164532
0.00359171
0.00788396
0.0051349
0.0120198
0.0125809
0.0049471
0.0169884
0.00638346
0.0133463
0.011422
0.00288212
0.00666696
0.00722008
0.00997851
0.00397845
0.00143983
0.0101299
0.00174453
0.00846829
0.0040092
0.0127039
0.000957454
0.00326574
2.70501e-06
0.00375642
0.00187248
7.71644e-06
0.0121539
0.00108954
0.00647226
0.00125889
0.00893582
0.000765764
0.00548181
0.00220495
0.00284434
0.00158453
0.000181065
0.00599231
0.00263246
0.00294504
0.00305338
0.00948345
0.00909151
0.00618457
0.00104988
0.00347766
0.00673863
0.00130322
0.00659978
0.00847973
0.00272364
0.000999179
0.011049
0.00355233
0.00535888
0.00243222
0.00440621
0.00513086
0.00309462
0.0021395
0.00726348
0.00942061
0.0136117
0.0180215
0.00474686
0.00861861
0.00633782
0.00495302
0.00725142
0.00827151
0.00161809
0.00145061
0.00360068
0.00327903
0.0101308
0.00265492
4.26646e-05
0.00346686
0.00270641
0.00571022
0.00133861
0.000939685
0.00698626
0.00775285
0.00919978
0.00286212
0.00202396
0.000226062
0.00465182
0.00265535
0.00651038
0.00103975
0.00209988
0.00160615
0.00435213
0.00141634
0.00908775
0.000967931
0.000623288
0.00297294
0.00389168
0.000181426
0.000294121
0.00514532
0.00832206
0.00228212
0.00272532
0.00369987
0.00588969
0.00580621
0.00432737
0.00934104
0.00412074
0.00228862
0.0014077
0.000252286
0.00386373
0.00401795
0.00128094
0.00378254
0.00298605
0.000775656
0.00498895
0.0066416
0.00358058
0.00104637
0.00291117
0.00643717
0.000981221
0.00111518
0.000795354
0.00202252
0.00510871
0.00327855
0.00344058
0.00426151
0.000544369
0.00128552
0.00396075
0.00611033
0.00422128
0.00147548
0.00281768
0.00397595
0.00384335
0.000741521
0.000814095
0.00187469
0.00479053
0.00537134
0.00277959
0.00404457
0.000355168
0.0066475
0.00130673
0.00151389
0.00227465
0.00446765
0.0028795
0.000340026
0.00883047
0.000540076
0.00500493
0.0137979
0.0102165
0.0128816
0.0107398
0.000733285
0.00266122
0.00783977
0.00575453
0.00396834
0.00688464
0.00197617
0.0060389
0.000654689
0.00239808
0.00353997
0.00745072
0.00122096
0.0119271
0.00445787
0.00714894
0.0039336
0.00182879
0.00143064
0.00277644
0.00541458
0.00606365
0.0106817
0.0030894
0.0114196
0.00523105
0.00664303
0.00212765
0.00259969
0.00464156
0.00641099
0.00403141
0.0124979
0.0103914
0.00538972
0.000420212
0.00436218
0.007266
0.00263806
0.00782579
0.00926459
0.00204271
0.00563524
0.00242595
0.00692182
0.00195804
0.00314276
0.00637178
0.00490531
0.000735943
0.00735185
0.0044701
0.00768989
0.000232696
0.000907109
0.0103514
0.00302898
0.00609313
0.00406426
0.00214821
0.00332498
0.00884459
0.00311295
0.0037349
0.00790224
0.00418279
0.001944
0.00460821
0.00240507
0.00669753
0.000560223
0.00405294
0.005304
0.0016229
0.000790921
0.00455843
0.00341004
0.00404442
0.00671739
0.00117255
0.00133084
0.0059595
0.00360383
0.00288168
0.00380935
0.000913193
0.00625674
0.00182446
0.00207123
0.00582064
0.0023765
0.000140486
0.0175693
0.00184314
0.00291211
0.00122397
0.00271332
0.00882932
0.00922977
0.00286589
0.00159154
0.00207565
0.00393352
0.00104584
0.0037942
0.00369935
0.00125069
0.00853753
0.00260933
0.00153738
0.00889978
0.00767972
0.00849288
0.00176272
0.00178669
0.0028699
0.00756499
0.00457692
0.000870214
0.00230783
0.00139842
0.00227604
0.00433287
0.00372074
0.0022149
0.00377624
0.00169712
0.00328493
0.00100966
0.000987459
0.000981143
0.000927444
0.00845527
0.00678501
0.000328552
0.0037465
0.000361543
0.00561496
0.00889154
0.000685224
0.00688202
0.0059352
0.00254464
0.00103665
8.31255e-06
0.000476136
0.00102966
0.000921349
0.00194922
0.00157252
0.00154982
0.00521504
0.00323106
0.00494715
0.00386707
0.0103674
0.0103409
0.00778884
0.0056726
0.0124609
0.00368445
0.0101513
0.00649609
0.00574794
0.00533249
0.000232384
0.00229349
0.00352839
0.00132339
4.10732e-05
0.000408585
0.00293781
0.00298134
0.00234459
0.00608826
0.000282435
0.00609148
0.000750347
0.00105215
0.00565838
0.00192086
0.00384189
0.000102931
0.0010396
1.4499e-05
0.00349603
0.000714297
0.000820729
0.0055889
0.0052385
0.00205741
0.0118824
0.00269998
0.00148696
0.00651293
0.00668017
0.00565387
0.00835834
0.00493255
0.00332959
0.00306635
0.00483917
0.00910367
0.00530956
0.00167712
0.00248129
0.00249686
0.0056898
0.001212
0.00567189
0.00149477
0.00151698
0.000477713
0.00382099
0.00441731
0.00204441
0.00625699
0.0100267
0.00670001
0.00815935
0.00321416
0.00144324
0.00565676
0.00911121
0.00161263
0.00308617
0.00323454
0.0019797
0.00737241
0.00256203
0.00506369
0.00131893
0.00299711
0.00302475
0.00327524
0.00361804
0.00504823
0.000697574
0.00417538
0.00402145
0.00109482
0.00189566
0.00564115
0.000338536
0.00482558
0.00480152
0.00144523
0.0040861
0.00616252
0.00407091
0.00463267
0.0064418
0.00259343
0.000114567
0.00292865
0.000535486
0.00308132
0.00199916
0.00336865
0.00170577
0.00503717
0.00373322
0.00175564
0.000665457
0.00303651
0.00392831
0.00106992
0.00296522
0.00263056
0.00427967
0.00510152
0.000754558
0.00180408
0.00623208
0.00219402
0.000307446
0.00151299
0.00888622
0.00520733
0.00261223
0.00445342
0.000524997
0.00213051
0.00616463
0.00306705
0.00160564
0.00352327
0.000415684
0.00238435
0.000232767
0.00871036
7.14319e-05
0.00349388
0.00265342
0.00372456
0.00386388
0.00286027
0.00086395
0.00424409
0.00670753
0.0042295
0.00225321
0.00610274
0.00138612
0.00193463
0.00441967
0.00296056
0.000876759
0.00665987
0.00180204
0.000238683
0.00265145
0.00715535
0.00525179
0.0047676
0.00810464
0.00180205
0.00738479
0.00230629
0.00408497
0.00712129
0.0021779
0.00904528
0.00890159
0.00218914
0.00618234
0.00673319
0.00401405
0.00830864
0.0018932
0.00254338
0.0073587
0.00125532
0.00705515
0.00215653
0.00241127
0.00845587
0.00219344
0.000980761
0.00529458
0.00243793
0.00838446
0.000333445
0.00064103
0.00730453
0.0047256
0.0038601
0.00510952
0.00536478
0.0107053
0.0015358
0.00326734
0.000955745
0.00224248
0.00464263
0.00108294
0.00223696
0.00315012
0.00343532
0.00264318
0.00892947
0.000216445
0.0027696
0.00652415
0.000533267
0.00104109
0.000805047
0.00262043
0.00580038
0.00516527
0.0103564
0.00444929
0.00701276
0.00656426
0.000810589
0.00132842
0.00316936
0.00244843
0.000166516
0.00349889
0.00459777
0.00428202
0.00166321
0.0131212
0.00380371
0.00294115
0.000882482
0.000408679
0.00971312
0.0029498
0.00345879
0.00196824
0.000195418
0.00744212
0.00649504
0.00775906
0.00410436
0.00719142
0.00491071
0.000685756
0.00135623
0.00982642
0.00415949
0.000388893
0.00321727
0.000396383
0.00102273
0.00591721
0.00343001
0.000360565
0.000728648
0.00215312
0.000557832
0.00492359
0.00261131
0.00400306
0.00446417
0.00161285
0.00579314
0.00308501
0.00469814
0.00167529
0.00808965
0.00136822
0.00440162
0.00504118
0.000419633
0.0038453
0.000530273
0.000516981
0.0108492
0.00074789
0.00851183
0.00233137
0.000998337
0.00248466
0.00573325
0.000743635
0.00262642
0.00242608
0.000740439
0.00259416
0.0043129
0.00228493
0.00182515
0.00360225
0.00444953
0.000717139
0.00149107
0.00297826
0.0077384
0.00172462
0.00738081
0.00613864
0.00329051
0.00214154
0.00212973
0.00403811
0.00343811
0.000224399
0.00288549
0.00407149
0.00786948
0.00315451
0.00248322
0.000949789
5.38934e-05
0.00348335
0.00068393
0.0113828
0.00927775
0.000625742
8.25227e-05
0.00202935
0.000389778
0.0006072
0.00336508
0.0109367
0.00332056
0.00308575
0.0103854
0.00101816
0.000221997
0.00515094
0.00691184
0.00030283
0.005496
0.00891613
0.00817294
0.00347771
0.00362193
0.000402958
0.00118546
0.000367722
2.91091e-05
0.00152348
0.00673302
0.00104567
0.000964606
0.00531042
0.00165661
0.00116145
0.00122637
0.00649277
0.00107113
0.00262022
0.00156687
0.00152773
0.00330171
0.00276967
0.0022592
0.00469107
0.00465594
0.00669036
0.00270484
0.000690713
0.00165735
0.000264517
0.00325891
0.00130192
0.00398964
0.00893097
0.00428525
0.00482965
0.00240812
0.0109468
0.00692329
0.00452689
0.0098998
0.00219935
0.00921287
0.000774568
0.00261383
0.00497306
0.00164813
0.00380083
0.00809844
0.00263747
0.00434828
0.00546955
0.000747877
0.0012314
0.00249456
0.00473713
0.00157763
0.00626011
0.00657263
0.0043798
0.00766302
0.00196045
0.00257825
0.00389473
0.00020025
0.0045571
0.00265155
0.000541247
0.00457223
0.0106199
0.00188859
0.00880905
0.00602639
0.00397604
0.000433947
0.00312928
0.00886944
0.00306132
0.00832265
0.00773757
0.00463674
0.00189972
0.00346788
0.000217512
0.0079913
0.00354512
0.00122029
0.00146705
0.00230969
0.00387736
0.00265289
0.00479473
0.00264423
0.00571819
0.00313723
0.00465069
0.00407612
0.00310022
0.00256025
0.0107574
0.00866034
0.00701593
0.00805413
0.00203772
0.00382256
0.0050782
0.00195962
0.000223242
0.000378279
0.00275807
0.00855155
0.00778205
0.00281677
0.00169447
0.00520202
0.00657381
0.0076441
0.00387315
0.000395073
0.000163913
0.00139
0.00514654
0.00327312
0.00280735
0.000376649
0.000708201
0.00317379
0.00441426
0.000478167
0.0035077
0.00398921
0.00330127
0.00498869
0.00133376
0.00318281
0.00304221
0.0133565
0.00460315
0.00645219
0.00556775
0.012764
0.0138775
0.00186568
0.000255341
0.00151846
0.00157447
0.00185954
0.000633034
0.00727957
0.00031973
0.000185848
0.00853256
0.00742386
0.00118468
0.00107887
0.0114053
0.00293459
0.00400886
0.0078146
0.0154835
0.0108842
0.00582361
0.00754498
0.00082499
0.00247588
0.00287005
0.00340511
0.0011837
0.00174175
0.000337954
0.00230993
0.00169243
0.00774332
0.00993209
0.00330022
0.00113841
0.00673767
0.00707496
0.00933745
0.00789677
0.0125647
0.00878567
0.00940194
0.00794588
0.00294744
0.00340738
0.00196248
0.00487201
0.00219009
0.00491718
0.000346676
0.00323001
0.000813585
0.00360597
0.00678665
0.000528303
0.00687689
0.00341115
0.0100425
0.00621502
0.0085216
0.00705286
0.00694457
0.0021367
0.00246324
0.00423789
0.003324
0.00556451
0.00340453
0.00139612
0.00964898
0.0021132
0.000573987
0.00128494
0.00143071
0.00197906
0.00152621
0.00610679
0.00157389
0.00299288
0.00167264
0.000527602
0.00490058
0.00365514
0.00674477
0.00471771
0.00647013
0.00343702
0.000116026
0.00278772
0.000644272
0.00145565
0.000786797
0.000763852
0.00708334
2.17661e-05
0.00250121
0.00562098
0.00899052
0.000595032
0.00323516
0.000857365
0.00999595
0.00343106
0.000747136
0.00256142
0.00139041
0.000379197
0.00472909
0.00773476
0.00334011
0.00702026
0.00126022
0.00208331
0.00238674
0.00771529
0.00247336
0.00377135
0.000406568
0.00509809
0.000488478
0.00628225
0.00118636
0.000220096
0.00288994
0.00689001
9.11593e-05
0.00123828
0.00221128
0.00270424
0.00917858
0.000577155
0.00139196
0.00187484
0.00377526
0.00078422
0.0043746
0.00342093
0.000427299
0.00461087
0.00179969
0.000226927
0.00386031
0.00179356
0.000311091
0.0014562
0.00419552
0.000297921
0.00070442
0.00298957
0.00641601
0.000697623
0.00318202
0.00118213
0.00368474
0.00382616
0.00580561
0.00248533
0.00250323
0.00559348
0.0188973
0.0151696
0.0077129
0.00700177
0.00891756
0.00199886
0.00826257
0.0110416
0.00710145
0.00425286
0.00408435
0.00176121
0.00325173
0.00338959
0.00476208
0.00315829
0.0109078
0.0150477
0.0103205
0.0143475
0.0101424
0.00262552
0.00685811
0.00173219
0.00643328
0.000296041
0.0117174
0.000344512
0.00747708
0.00034989
9.1592e-05
0.00654192
0.000748826
0.00587249
0.00100928
0.00883361
0.000347272
0.00752869
0.000735194
0.00752148
0.00503455
0.0170706
0.0113234
0.00655243
0.0111452
0.00633356
0.00196883
0.00390556
0.00977292
0.000871877
0.0044014
0.00290701
0.00221563
0.00136655
0.000861289
0.00784163
0.0105185
0.0124832
0.0071057
0.00799816
0.0106553
0.010495
0.0103582
0.00669961
0.000218316
0.00305484
0.00468731
0.00882456
0.00465287
0.000690056
0.00296022
0.00917883
0.00539161
0.00524283
0.00754921
0.0113617
0.00041886
0.00845609
0.00341187
0.00623163
0.00709505
0.0118037
0.0131196
0.00427829
0.00509132
0.00950102
0.001069
0.0128317
0.00462514
0.0113266
0.00673081
0.00381151
0.00239688
0.000684627
0.00386197
0.000189866
0.00466486
0.0110716
0.00805262
0.00833466
0.00876211
0.00188151
0.0054671
0.00501652
0.000101639
0.00262594
0.00037162
0.0052849
0.00857621
0.00535413
0.00579583
0.00270359
0.00350956
0.00201334
0.00639651
0.00755509
0.00288576
0.00519088
0.00218722
0.00577292
0.00527658
0.00572305
0.00134791
0.000170617
0.00904772
0.00207446
0.00720705
0.00180849
0.00665056
0.00332863
0.000729873
0.00123694
0.000875591
8.72109e-05
0.000984239
0.00345568
0.00764796
0.00120851
0.00455268
0.00428153
0.00560288
0.000342171
0.000698087
0.00413986
0.00406315
0.0100917
0.000172561
0.0025545
0.000793612
0.0109755
0.00117041
0.00228342
0.0067542
0.00166055
0.00493931
0.00266179
0.000780883
0.0030271
8.32993e-05
0.0038667
0.0241267
0.017639
0.0134398
0.0166058
0.0110018
0.00759566
0.0132326
0.00791323
0.0120256
0.00699183
0.0031528
0.00855007
0.0127418
0.00779076
0.00797025
0.00485192
0.010852
0.0135869
0.0106526
0.0173827
0.0180215
0.00810135
0.0102337
0.010471
0.0136422
0.0042222
0.0066178
0.0042722
0.00270756
0.00837499
0.0022652
0.00716934
0.00646771
0.00869601
0.00823432
0.00282521
0.000734907
0.0110554
0.0109962
0.0116567
0.0169704
0.012875
0.0100564
0.00576072
0.00072107
0.00526758
0.000637898
0.00545879
0.00509944
0.0014778
0.00583115
0.00486809
0.00414048
0.00706365
0.00955673
0.010959
0.000580447
0.00703688
0.0151712
0.0203767
0.00939858
0.00977647
0.00810117
0.00927927
0.00366809
0.000129492
0.0109611
0.00586441
0.00166857
0.00361906
0.0072252
0.00201367
0.00526924
0.00397062
0.0112578
0.000212823
0.0117588
0.0154618
0.0131124
0.0082099
0.00876423
0.00652359
0.00728488
0.0129883
0.0129881
0.000350227
0.000181701
0.0036524
0.00011081
0.00852536
0.00318974
0.00518215
0.0122267
0.0010441
0.00162436
0.0054543
0.00353627
0.00970313
0.0138873
0.00480553
0.00397598
0.00275402
0.000680705
0.008368
0.00604709
0.000290241
0.00158148
0.00696036
0.00515508
0.00169224
0.00300001
0.00157551
0.00436272
0.000545675
0.00473539
0.00669642
0.00253741
0.00415686
0.000140924
0.0136926
0.00211476
0.000459443
0.00124293
0.0027269
0.00302491
0.000597916
0.00236231
0.00562696
0.00307453
0.00348493
0.00258495
0.0101272
0.00099869
0.00020734
0.00552663
0.00394726
0.00276673
0.00480025
0.00176406
0.000635273
0.0019508
0.00278546
0.00588871
0.00544032
0.00657574
0.000497316
0.00390381
0.00251305
0.00201868
0.00358169
0.00132384
0.000884554
0.00479977
0.00463776
6.82694e-05
0.00202539
0.011378
0.00410301
0.00407612
0.00441714
0.0191969
0.0239919
0.0211738
0.0201256
0.0167285
0.0144487
0.016529
0.0105116
0.00936833
0.00944252
0.0130367
0.0195352
0.00989142
0.0104731
0.00934115
0.0201074
0.0113232
0.0170446
0.016129
0.0300841
0.0160369
0.000170151
0.016071
0.00104309
0.0104518
0.000115812
0.0101399
8.78403e-05
0.0161773
0.000360727
0.00164662
0.01512
0.000860142
0.0173641
0.000631702
0.00503486
0.00110271
0.0175426
0.00152805
0.0129701
0.0229594
0.0128486
0.0173477
0.01012
0.00977193
0.0183588
0.0138123
0.014595
0.0143739
0.00780194
0.000829781
0.00822761
0.0062938
0.0116041
0.0087855
0.0110879
0.0133945
0.0201187
0.00940995
0.0172335
0.0134831
0.00816841
0.00625487
0.0159747
0.00510409
0.000147478
0.0117644
0.00734214
0.00362094
0.00498119
0.00265749
0.00223777
0.00882509
0.0102113
0.00465255
0.00636405
0.017169
0.0119107
0.00895472
0.0187616
0.0111465
0.0143644
0.00758397
0.00258243
0.00318166
0.00139087
0.0109765
0.00952559
6.21883e-05
0.00639911
0.000542757
0.000335913
0.00535701
0.0130715
0.00686246
0.00146332
0.0137398
0.00701643
0.00981547
0.0115891
0.0134645
0.0076167
0.00472559
0.00367332
0.00629478
0.00940835
0.00265618
0.0125296
0.00465269
0.00463019
0.00586821
0.00151389
0.0112225
0.00348102
0.00941802
0.00557428
0.00586368
0.00327075
0.00749304
0.0038608
0.00464519
0.0021339
0.000859805
0.0108514
0.00295608
0.00205255
0.00828931
0.00185064
0.000557271
0.000670726
0.00317191
0.0128077
0.00412596
0.00223171
0.00599759
0.00313498
0.00600413
0.00584313
0.00473795
0.00119291
0.00190722
0.00230137
0.00255682
0.000677099
0.00523989
0.0035287
0.00104036
0.00182147
0.00291324
0.00548737
0.00240158
0.00363462
0.00750683
0.00479772
0.00108165
0.000704514
0.00239058
0.00190502
0.00249132
0.00606956
0.0312163
0.0318012
0.024438
0.0182377
0.0173382
0.0129699
0.013878
0.0117744
0.00078519
0.0076801
0.0120848
0.0126879
0.0196385
0.0173974
0.0166698
0.0166915
0.0135014
0.025059
0.0283653
0.0143575
0.0222093
0.0227301
0.019124
0.0179455
0.0228411
0.0165089
0.0102144
0.011469
0.0077141
0.0163701
0.00764545
0.00810242
0.0202149
0.0119271
0.0100573
0.0174111
0.0156263
0.0115826
0.0159548
0.0274522
0.0199791
0.0185334
0.01899
0.00982336
0.0191199
0.0151138
0.0076566
0.0114825
0.0113447
0.00217797
0.0110317
0.0170132
0.00655674
0.00516399
0.0150642
0.00426568
0.00748044
0.01966
0.0123093
0.0201254
0.0165293
0.0177148
0.0183867
0.0153138
0.00415066
0.0141009
0.00290149
0.0139736
0.00971757
0.0113791
0.00792409
0.00438154
0.00590555
0.0186984
0.00530767
0.0173712
0.0158879
0.0105079
0.0127668
0.0157598
0.0127809
0.0125062
0.0150277
0.00453042
0.00288428
0.00422262
0.00530158
0.00356973
6.34739e-05
0.0103973
0.00039867
0.0130852
0.00278659
0.00566792
0.0079533
0.0112189
0.0104455
0.00441111
0.00887553
0.00872206
0.00574492
0.006619
0.00676336
0.00596128
0.0041586
0.00635827
0.00599139
0.0152301
0.00691754
0.00596947
0.00652174
0.0105241
0.00524813
0.00380501
0.00752242
0.00570926
0.00670802
0.0098646
0.0100185
0.0149611
0.0166635
0.00134766
0.00535652
0.000787449
0.00875161
0.00521327
0.00667198
0.00226351
0.00559969
0.00272961
0.00242179
0.00604673
0.00297459
0.00304117
0.00857988
0.0123961
0.00158983
0.000627547
0.00775688
0.014286
0.00985362
0.00153094
0.00104311
0.00498867
0.000392953
0.00639176
0.00187596
0.00595651
0.00298885
0.00121162
0.0010047
0.00320888
0.000664621
0.00409435
0.00251189
0.0052704
0.00206594
0.00739318
0.010411
0.00020963
)
;

boundaryField
{
    hotSide
    {
        type            fixedGradient;
        gradient        nonuniform List<scalar> 
400
(
321.511
322.87
325.591
329.677
335.133
341.965
350.181
359.788
370.794
383.208
397.037
412.289
428.971
447.088
466.647
487.651
510.105
534.011
559.372
586.191
323.738
325.08
327.767
331.802
337.194
343.949
352.078
361.591
372.498
384.81
398.537
413.687
430.268
448.289
467.755
488.672
511.043
534.872
560.161
586.913
326.149
327.47
330.116
334.091
339.406
346.071
354.099
363.503
374.296
386.491
400.101
415.136
431.606
449.52
468.885
489.706
511.988
535.735
560.948
587.63
328.704
330
332.597
336.503
341.73
348.292
356.205
365.485
376.15
388.215
401.695
416.604
432.954
450.753
470.009
490.73
512.919
536.579
561.714
588.325
331.33
332.599
335.142
338.97
344.099
350.546
358.332
367.477
378.003
389.928
403.271
418.047
434.27
451.949
471.095
491.712
513.807
537.382
562.439
588.978
333.918
335.158
337.643
341.389
346.414
352.74
360.392
369.397
379.779
391.562
404.765
419.407
435.503
453.065
472.101
492.618
514.622
538.114
563.096
589.569
336.321
337.531
339.959
343.622
348.544
354.751
362.274
371.142
381.385
393.031
406.101
420.618
436.595
454.047
472.983
493.409
515.33
538.747
563.663
590.076
338.36
339.543
341.92
345.509
350.339
356.44
363.847
372.595
382.718
394.244
407.2
421.608
437.485
454.844
473.695
494.045
515.897
539.253
564.114
590.478
339.852
341.015
343.352
346.885
351.645
357.665
364.985
373.643
383.675
395.113
407.984
422.312
438.116
455.407
474.197
494.491
516.294
539.606
564.428
590.758
340.643
341.795
344.11
347.613
352.334
358.311
365.584
374.193
384.176
395.567
408.393
422.679
438.443
455.699
474.456
494.722
516.498
539.788
564.589
590.901
340.643
341.795
344.11
347.613
352.334
358.311
365.584
374.193
384.176
395.567
408.393
422.679
438.443
455.699
474.456
494.722
516.498
539.788
564.589
590.901
339.852
341.015
343.352
346.885
351.645
357.665
364.985
373.643
383.675
395.113
407.984
422.312
438.116
455.407
474.197
494.491
516.294
539.606
564.428
590.758
338.36
339.543
341.92
345.509
350.339
356.44
363.847
372.595
382.718
394.244
407.2
421.608
437.485
454.844
473.695
494.045
515.897
539.253
564.114
590.478
336.321
337.531
339.959
343.622
348.544
354.751
362.274
371.142
381.385
393.031
406.101
420.618
436.595
454.047
472.983
493.409
515.33
538.747
563.663
590.076
333.918
335.158
337.643
341.389
346.414
352.74
360.392
369.397
379.779
391.562
404.765
419.407
435.503
453.065
472.101
492.618
514.622
538.114
563.096
589.569
331.33
332.599
335.142
338.97
344.099
350.546
358.332
367.477
378.003
389.928
403.271
418.047
434.27
451.949
471.095
491.712
513.807
537.382
562.439
588.978
328.704
330
332.597
336.503
341.73
348.292
356.205
365.485
376.15
388.215
401.695
416.604
432.954
450.753
470.009
490.73
512.919
536.579
561.714
588.325
326.149
327.47
330.116
334.091
339.406
346.071
354.099
363.503
374.296
386.491
400.101
415.136
431.606
449.52
468.885
489.706
511.988
535.735
560.948
587.63
323.738
325.08
327.767
331.802
337.194
343.949
352.078
361.591
372.498
384.81
398.537
413.687
430.268
448.289
467.755
488.672
511.043
534.872
560.161
586.913
321.511
322.87
325.591
329.677
335.133
341.965
350.181
359.788
370.794
383.208
397.037
412.289
428.971
447.088
466.647
487.651
510.105
534.011
559.372
586.191
)
;
    }
    coldSide
    {
        type            mixed;
        refValue        uniform 300;
        refGradient     uniform 0;
        valueFraction   uniform 0.991591;
        source          uniform 0;
        value           nonuniform List<scalar> 
400
(
300.01
300.012
300.008
300
300.013
300.026
300.015
300.039
300.027
300.013
300.031
300.018
300.016
300.019
300.02
300.029
300.011
300.021
300.032
300.003
300.023
300.02
300.025
300.018
300.026
300.021
299.998
300.023
300.035
300.019
300.019
300.018
300.022
300.015
300.037
300.024
300.026
300.019
300.022
300.024
300.016
300.014
300.003
300.013
300.019
300.056
300.033
300.035
299.994
300.025
300.017
300.019
300.044
300.003
300.032
300.034
300.024
300.042
300.034
300.031
300.009
300.012
300.045
300.014
300.014
300.018
300.025
300.021
300.012
300.036
300.01
300.024
300.022
300.027
300.031
300.029
300.036
300.013
300.026
300.015
300.016
300.01
300.014
300.015
300.015
300.02
300.024
300.03
300.014
300.023
300.005
300
300.031
300.004
300.025
300.026
300.015
300.01
300.014
300.027
300.024
300.022
300.029
300.024
300.026
300.019
300.011
300.037
300.024
300.008
300.01
300.004
300.029
300.007
300.022
300.029
300
300.025
300.037
300.012
299.998
300.024
300.007
300.021
300.023
300.022
300.029
300.022
300.016
300.024
300.025
300.022
300.013
300.031
300.032
300.014
300.025
300.017
300.025
300.033
300.022
300.021
300.023
300.032
300.016
300.017
300.03
300.025
300.008
300.007
300.014
300.012
300.032
300.018
300.013
300.026
300.019
300.02
300.032
300.044
300.013
300.006
300.003
300.005
300.008
300.004
300.054
300.021
300.024
300.02
300.011
300.021
300.03
300.018
300.025
300.027
300.024
300.022
300.035
300.036
300.033
300.02
300.022
300.012
300.017
299.995
300.037
300.02
300.021
299.997
300.031
300.008
300.025
300.013
300.033
300.033
299.998
300.018
300.014
300.025
300.009
300.027
300.008
300.018
300.015
300.018
300.018
300.024
300.041
300.025
300.019
299.999
300.033
300.032
300.034
300.009
300.023
300.024
300.022
300.026
300.014
300.027
300.018
300.014
300.017
300.037
300.032
300.02
300.035
300.047
300.023
300.02
300.04
300.023
300.032
300.023
300.02
300.025
300.037
300.02
300.015
300.017
300.014
300.032
300.023
300.026
300.03
300.024
300.043
300.037
300.016
300.004
300.012
300.016
300.037
300.017
300.009
300.015
300.047
300.03
300
300.022
300.018
300.017
300.01
300.021
300.023
300.026
300.038
300.006
300.033
300.037
300.028
300.013
300.021
300.028
300.03
300.015
300.015
300.039
300.041
300.009
300.016
300.015
300.037
300.03
300.025
300.013
300.045
300.022
300.035
300.015
300.038
300.003
300.016
300.034
300.013
300.027
300.03
300.022
300.011
300.021
300.042
300.012
300.02
300.008
299.991
299.997
300.043
300.032
300.028
300.019
300.019
300.031
300.032
300.015
300.019
300.022
300.029
300.042
300.017
300.045
300.036
300.011
300.031
300.016
300.019
300.027
300.008
300.01
300.01
300.021
300.017
300.029
299.99
300.039
300.028
299.998
300.021
300.033
300.018
300.022
300.024
300.021
300.032
300.005
300.016
300.03
300.028
300.019
300.021
300.022
300.033
300.025
300.035
300.018
300.018
300.037
300.032
300.009
300.022
300.002
300.001
300.032
300.009
300.012
300.032
300.018
300.033
300.018
300.037
300.024
300.014
300.023
300.007
300.031
300.026
300.016
300.034
300.001
299.99
300.03
300.004
300.035
300.004
300.014
300.013
300.031
300.026
300.022
300.017
300.023
300.024
300.014
300.009
300.01
300.016
300.015
300.012
300.029
)
;
    }
    adiabaticPlanes
    {
        type            fixedGradient;
        gradient        uniform 0;
    }
}

