/*--------------------------------*- C++ -*----------------------------------*\
| =========                 |                                                 |
| \\      /  F ield         | OpenFOAM: The Open Source CFD Toolbox           |
|  \\    /   O peration     | Version:  2212                                  |
|   \\  /    A nd           | Website:  www.openfoam.com                      |
|    \\/     M anipulation  |                                                 |
\*---------------------------------------------------------------------------*/
FoamFile
{
    version     2.0;
    format      ascii;
    arch        "LSB;label=32;scalar=64";
    class       volScalarField;
    location    "./ITHACAoutput/true/13.4";
    object      error;
}
// * * * * * * * * * * * * * * * * * * * * * * * * * * * * * * * * * * * * * //

dimensions      [0 0 0 1 0 0 0];

internalField   nonuniform List<scalar> 
3200
(
-3.09119
-1.88315
-0.0175931
1.10078
0.113719
1.02885
1.66698
2.06948
1.51807
1.05633
0.605306
1.63595
2.69537
1.96568
1.43163
0.765489
0.365669
-0.350566
-0.232727
-1.63238
-0.501648
-1.51503
-1.68332
0.548087
0.948576
0.985762
0.115652
3.07746
1.42588
1.17607
0.685926
1.05248
1.55875
2.68946
0.191043
1.70359
-0.078001
1.03547
-1.14282
0.164149
-2.06476
-0.905074
0.188796
-0.21127
-0.923121
1.4407
2.26241
0.78064
2.24082
1.90024
0.669253
1.94837
3.32223
1.09529
0.47226
1.11464
1.32548
0.103818
0.348849
-0.55915
-1.61499
-0.328409
-0.837501
0.246842
1.11087
0.64941
1.03243
0.823787
0.615491
0.492205
-1.22465
0.0771283
1.72464
1.12808
-0.0102637
1.00954
0.438901
-0.700879
0.589617
-0.774534
-1.06283
-1.82268
0.155027
1.8494
-0.834537
0.202316
-0.431444
1.5707
-0.240598
0.92552
2.86712
-0.223806
0.650595
0.676019
0.591739
1.85269
0.810604
1.40451
-1.66103
-0.115653
0.127531
-0.805504
-0.399984
-0.500222
1.10246
0.730017
-0.413247
-0.288752
0.158001
0.585882
-0.593065
0.857307
-1.25211
-0.185336
1.63706
0.602663
-0.278494
0.490859
-0.165547
-0.488444
-0.289716
0.554132
0.513602
-0.0121123
0.897752
0.517158
0.0215019
-0.951058
2.20559
0.497385
-0.174751
-0.18896
1.59829
0.834809
-0.177038
0.201567
0.324345
1.41767
0.926989
-0.440144
-0.455265
-0.50872
-0.235499
-0.104638
-0.203601
-0.0682845
-0.478329
-0.261133
0.82967
0.272266
0.21861
1.20401
0.187624
0.980914
0.436574
1.05641
0.338515
-0.374074
0.684551
-0.512338
-2.09502
-0.682158
-1.02611
0.479162
0.766062
1.92732
2.1892
-0.0928656
1.24114
1.2166
0.383732
3.19649
1.82804
1.1625
1.55221
1.12177
1.04842
0.202577
-1.16909
-0.723926
-3.9444
0.24234
-0.894736
-0.118955
1.11443
0.332907
0.699619
0.387298
1.05382
0.432405
0.135347
0.97747
0.227112
2.13126
0.43709
1.36809
-0.245134
0.280769
-0.305793
-2.43752
-2.56183
-1.14073
0.614813
-0.114017
1.90493
2.06429
-0.189826
2.46261
2.16909
2.1147
0.934584
1.30689
0.0751717
0.458662
-0.162232
2.31713
0.931218
-0.52411
-0.633031
-1.58684
-2.11998
-0.713489
-0.0215491
0.843576
-0.111329
1.70661
0.714171
-0.0268823
0.852359
1.70723
0.393219
0.718542
1.20076
-0.640136
-0.41495
1.54041
0.827115
-1.0383
0.113278
-2.37948
-1.10273
0.0802996
0.463258
-0.983078
0.794845
-0.0557535
0.863616
1.09352
1.55708
0.915258
0.834686
0.813789
0.388994
-0.299884
-0.22784
-0.17591
0.261556
-0.319542
0.621036
0.335498
-0.357837
-0.272493
-0.108754
-0.403127
-0.316919
-0.228933
0.708998
-0.331432
0.620493
0.351757
-0.091495
0.93789
0.0918735
0.925631
0.906879
1.02752
0.171954
0.702867
1.84526
0.864985
-0.43715
0.258384
1.26206
-0.128836
0.846776
0.800466
2.18112
-0.178972
0.62037
-0.17507
0.32731
0.37232
0.820873
0.146405
0.588737
0.193583
0.585907
0.18996
0.53657
-1.08717
0.260557
0.351465
1.56043
-0.139191
-0.629597
-0.246945
0.750574
1.7276
1.90406
-0.175241
-2.20778
0.749036
-1.535
0.0180058
0.377421
-0.388044
0.250899
-0.862601
-0.454501
-0.255446
-2.47702
0.934198
-0.46768
1.49597
0.862355
0.440067
1.23897
1.87263
1.17444
1.26249
1.09175
1.0551
1.22165
0.407283
0.221468
-0.260873
0.217691
1.29433
-0.426165
-2.16492
-2.38318
-0.506815
-0.035937
-0.973477
0.0734972
0.0940304
0.515782
0.56177
1.49224
0.873899
1.38583
1.03292
0.117505
0.277618
0.565904
0.884936
-0.79352
0.594502
-0.771769
-0.96078
-3.07386
-3.5011
-0.0489412
0.0933538
1.37801
1.90021
0.694749
-0.658182
0.317095
0.246878
1.24285
0.776443
1.47972
-0.00695335
0.222601
0.834872
1.27269
1.32145
-2.34454
-2.24421
-2.00577
0.590321
0.222759
-0.138118
-0.141618
0.498104
0.62834
0.0334894
0.756454
1.10725
-0.050934
0.0847378
-0.234736
1.87461
1.452
1.15852
0.283768
1.90208
-0.938864
-1.59883
-1.1637
-0.20709
-0.42005
-1.16878
-0.0399392
0.510021
0.876259
-0.00629147
0.0150083
0.0539389
0.182798
0.367675
1.12706
-0.210536
0.0463964
0.467347
0.67391
-1.46999
-0.516089
0.187505
-1.81132
-0.248824
0.191678
0.181044
2.10876
1.79721
1.20142
1.22422
1.51997
0.6477
1.14744
1.07946
0.749986
-0.653433
0.761041
0.684028
0.352153
-0.66405
-0.661845
-1.25463
0.417988
2.03013
0.374535
1.32119
0.551353
0.702205
1.19378
1.62524
0.911749
0.0342448
-0.0673304
1.47219
-0.581364
0.88905
0.439621
0.216156
-0.115695
0.640777
-0.10505
-0.392655
0.723354
-0.953909
0.193744
-0.197675
0.732052
0.22795
0.918863
0.344271
0.248213
-0.0322695
-0.906076
-1.22736
1.53315
-0.00603111
-0.708186
-0.356433
-0.629233
-0.175877
0.508202
-0.581597
-4.15657
-1.97931
0.685856
-0.484525
-0.00930863
1.49892
0.086841
1.10332
0.582764
1.18361
-0.874403
0.594971
1.44086
1.28701
-0.107217
1.65801
0.188435
-0.488949
-0.534572
-1.56367
-1.74335
-0.138375
-0.126998
0.0829306
-0.219357
0.489472
0.309409
-0.217122
0.865971
-0.00391176
0.267867
0.535095
-0.147844
1.15174
0.0674125
1.19233
-0.0763518
0.73646
0.172637
-0.43565
-1.40331
0.0427056
0.498905
-1.77617
-0.277144
0.093482
-0.153617
-0.294552
0.287282
-0.0792007
1.76513
-0.547984
1.02045
-0.479544
1.16041
0.289661
0.742036
-0.920449
-0.885664
-1.00819
-1.2255
0.927901
0.137199
0.643164
0.939415
1.05948
-0.424566
1.09652
0.529721
-0.369905
-0.429419
1.23934
0.342113
-0.900042
-0.0669386
-0.33109
0.783105
0.144847
-1.083
-1.30776
-1.91522
-1.20315
-0.106667
-0.229966
0.0179188
-1.43966
0.714196
-0.0793326
0.150594
-0.922073
0.353558
0.701742
1.67775
-0.199064
-0.731638
0.885562
-0.556909
-0.674724
-0.867584
0.227106
-1.24611
0.550371
0.574019
-0.969404
0.590341
0.699669
2.49355
0.51084
0.977022
0.124165
0.0489874
0.586295
0.517151
1.39674
-0.174438
1.1546
-0.697563
1.08723
-0.102938
-1.09037
0.0464991
0.606351
-0.376206
-0.814808
-0.190362
1.64342
-0.514247
0.567947
0.17849
0.290113
-0.0351054
-0.652783
-0.769462
-1.20019
-0.744815
-1.24207
0.575624
-0.546531
0.410923
-0.929919
0.18044
0.142766
0.245017
2.20032
-0.0678973
0.316841
-0.0228345
-0.415305
0.193064
0.348865
-0.563789
0.377793
0.5632
0.144791
0.305095
0.738868
0.793961
-0.546611
1.0903
-0.143793
-2.31769
-1.17504
0.0521474
-0.429942
1.00703
-0.917802
1.21412
0.00186348
1.29095
-0.0356865
-0.0157121
-0.250132
0.184857
1.17095
0.345769
1.76817
0.0861226
0.525363
-1.39119
-1.96811
-1.64774
-1.65554
-0.924039
-0.110948
0.392271
0.572331
1.8066
1.48763
-0.24162
0.63541
2.67983
1.09215
-0.472751
1.45779
-0.00662321
1.21375
-0.707085
0.407039
-0.715509
-0.624239
-0.702993
0.0780802
-0.0110698
1.03167
0.418975
0.137386
1.48349
0.860689
0.685561
0.249835
0.254722
-0.783864
-0.321804
0.568971
-1.23908
1.07047
0.344524
0.338079
-2.00878
-1.65033
-1.40745
1.72238
0.707372
0.242248
1.20506
0.823136
1.03934
-1.02397
1.24761
-0.712113
-0.843177
0.719774
1.25836
0.685695
0.436359
-0.580603
0.0677018
-0.493209
-0.115696
-1.83798
-1.49219
-0.0482594
0.222652
1.02961
1.58293
0.171283
0.644623
-0.369986
1.90695
-0.764782
0.0421326
0.232924
1.73581
1.2242
0.230606
0.585215
0.8534
-0.492574
0.470412
-1.97107
-0.834535
0.216803
0.390781
0.372758
0.0131332
1.25099
0.548462
1.32847
0.324298
-1.41379
-0.296518
0.283521
1.01988
-0.848115
1.14486
0.0863218
0.465942
-1.07406
0.833542
-1.07075
-1.91536
0.985917
-1.1494
-0.888477
0.721971
-0.127788
0.144214
2.05129
-0.49158
0.035429
0.351181
-0.610026
-0.706364
-1.04321
1.58894
1.43008
-0.11954
-1.96892
0.0145578
0.0899921
-1.10187
1.18885
-0.529361
-0.698195
0.0498849
-0.190178
1.39182
0.0985567
-0.700254
0.557016
0.700855
0.481434
0.0361975
0.688798
0.351444
0.137047
0.305707
-0.0745874
0.462514
0.480036
-2.4784
-3.09438
-0.809286
-0.481287
-0.152921
0.72867
0.377879
-0.0128064
0.196921
1.90491
-0.763623
-0.501371
-0.258938
1.59258
-0.20439
-1.05966
0.202677
-0.375167
-1.71454
-1.30913
-2.06063
0.176145
-0.54538
-0.423368
0.0963389
0.179321
-1.3937
0.399467
0.791774
-0.315226
0.237647
-0.613466
0.308233
0.870763
-0.0481946
0.880366
0.363969
-0.632761
0.175027
-0.138849
-1.64704
-1.84825
-0.308827
-0.354675
1.28215
-0.189364
0.0697839
0.140743
0.336714
1.07573
0.288294
0.0340682
-0.169532
-1.04065
0.73279
-0.00610237
-0.437225
-0.673331
-1.49315
-2.44989
-1.18886
0.359943
0.12131
-0.702637
0.9797
0.45531
0.288842
0.499089
-1.16261
0.721382
-0.305321
0.649959
0.569802
-1.46058
-0.632108
0.923613
-1.56095
-1.7221
-1.23559
-0.183056
-1.09366
-0.326318
0.251933
-0.806442
-0.341648
0.928477
0.656415
0.233317
-0.637965
0.845357
0.410601
0.578612
0.768184
-0.46504
0.861327
0.442353
1.01829
0.0329668
-0.151046
-2.15024
-2.14117
1.44756
0.672291
0.876276
0.692858
0.757312
0.313743
0.676354
-0.815179
-0.642643
0.813148
-0.6378
-0.0336657
0.560342
-0.268031
0.487054
-0.246911
-0.754513
-0.535555
-1.10329
-0.252253
-1.01966
0.917679
0.98398
1.9148
1.09167
-0.0704121
0.908208
0.0230626
0.405175
1.05296
1.1701
1.02502
-1.05367
0.431908
0.535759
1.22672
1.51875
-2.21356
0.152389
0.629288
-0.81121
0.671404
1.45174
-0.694966
-0.0324202
1.85454
-0.367915
-0.352074
0.136814
1.31354
-0.402299
0.208715
0.788729
-0.316674
-0.219442
-1.57863
0.184839
-1.32981
0.587958
-1.58802
-2.56477
-0.181958
-0.759779
-0.692236
-0.584921
0.538945
0.470259
-0.61262
-0.206279
0.977974
-1.24907
-0.491059
0.457649
1.22701
0.887563
-0.643831
-0.479261
-1.47396
-1.85982
-2.16574
-1.1774
-1.54149
1.99137
0.0615038
-0.362603
0.0576407
-0.331266
-1.14307
-1.07957
-0.204252
-1.09892
-1.10151
0.809368
0.881015
-0.926906
-0.717258
-0.917154
-2.23436
-1.69997
-1.12201
-1.39831
-1.63896
0.161377
0.617139
-0.324663
-0.0905758
-0.467793
0.192785
-1.32087
-0.318772
0.128705
1.16854
0.253247
-1.22826
-0.940131
-0.196786
0.195244
-1.84601
-0.644625
-1.35573
-0.917822
-1.80599
0.858587
-0.85628
0.391552
-1.34142
-0.728491
0.925838
-0.0577257
-2.09417
-1.46898
0.403659
-0.0483833
-0.0486442
-0.0166805
-0.383097
-0.223003
-1.02734
-0.993822
-1.59278
-0.817678
-0.113001
0.571832
-0.605081
0.00711294
-0.484668
-0.297304
-0.166229
-1.05776
-0.32787
-1.81141
-1.12364
-0.896287
-0.187155
-0.126149
0.792591
0.358975
0.661649
-0.48801
-1.82877
-0.608215
-0.309549
-0.950745
-0.286387
0.388923
0.570346
0.230132
0.199759
-0.395706
-0.300304
1.5038
-2.13103
-0.955684
0.370509
0.837711
-0.769945
-0.561849
0.566462
-1.0478
-0.759902
-0.400744
-0.0370593
0.00214769
-0.44888
-2.25382
0.107944
0.33749
-1.91008
-1.54868
0.271591
-1.12034
0.179387
0.553415
-0.63849
0.034282
0.488028
-0.409003
-0.497877
-0.23979
-0.11798
-0.403097
0.0328825
1.00652
-1.31937
2.13925
0.191027
0.405418
1.14378
-1.93148
-0.843637
0.967053
-1.38796
1.31102
-0.254175
0.736796
0.686845
0.877742
0.360082
0.503193
-3.86527
-1.74905
-1.28882
-1.07428
-0.776171
0.0285452
-0.710051
-1.4934
-0.682935
-1.98248
0.544758
0.547138
-1.1037
0.339092
0.460286
-0.508321
-0.518696
-1.39579
-0.0530968
-0.149105
-2.6701
-0.283899
1.42931
0.240077
-1.13978
-0.185372
-1.86441
-0.0809009
-0.622448
-0.138782
-0.304431
-0.566291
0.108747
0.0946579
-0.271027
0.142095
-0.0177838
-0.0178698
0.346892
-1.55583
-0.791923
-0.491258
-1.3402
1.52759
0.428596
0.162506
-0.0353267
-1.22337
0.796035
-1.11635
1.26898
-1.84305
-2.24595
1.55315
-0.443624
-0.518745
-1.29877
-0.898336
-1.64684
-2.42271
-0.388754
-0.772428
0.314999
-0.31191
-0.136805
0.103628
-0.381641
-1.02174
-0.774777
-0.447948
1.22867
0.113489
0.187054
-0.671917
-0.330458
0.136614
0.431569
0.419819
-0.831758
-1.47772
-1.0876
-1.13391
-1.03487
-0.0673994
-0.393185
-1.11521
1.80752
-0.621528
1.40368
-0.0866452
-2.32201
-0.576886
1.0283
0.85724
0.213103
0.393304
0.5197
-0.107079
-0.0234605
-1.05866
-2.09025
-2.47941
-1.46964
0.760088
-0.664257
-1.76705
0.382191
-1.11436
-2.01349
-0.519795
-0.335379
0.186551
-0.195346
0.0999112
1.49901
-2.24927
-0.428923
0.42487
0.556056
0.127162
0.192461
-0.336397
0.192862
0.25221
0.978901
-0.133668
0.406442
-1.90806
0.948047
-0.19199
-0.289615
0.522933
0.22945
0.746958
1.04477
-0.164352
-0.714247
0.256572
-1.8247
0.669095
-0.601055
-0.102572
-1.54334
1.07567
1.15115
-0.283535
0.535749
0.587788
0.421103
0.0171918
0.591504
-0.611281
0.232999
-1.36025
-0.00569482
-0.219198
-0.456915
-0.850584
0.532569
0.455524
-3.72712
-2.56474
0.382683
-1.81047
-0.268324
-0.741136
-0.362669
0.307118
-0.687212
-1.37221
-0.847211
-0.213494
0.136357
-0.942671
-0.580508
-1.0523
-0.289064
-1.01274
-2.53702
-1.02914
-2.63592
-1.94099
-2.11094
-0.736425
-1.34415
-1.87581
0.600232
-2.17924
-0.360435
-1.91076
-0.889798
-0.847224
-0.877011
-0.420635
1.14422
0.516052
-1.59695
-0.648806
-1.19745
-2.34182
-2.63621
-0.948267
-0.315585
-1.03767
-1.09709
-0.47909
0.684518
-1.93266
1.04164
-0.837817
-0.979746
-0.239101
-0.906976
-0.808752
-1.17656
-1.21493
0.0975223
-0.0399035
-0.849683
-1.25058
-0.454119
-1.73336
-1.1403
-0.889183
0.137062
-0.0981128
0.141211
-0.690729
-0.984233
-1.42715
-1.08285
-0.461791
0.589521
1.16481
-0.461166
-1.84393
-0.697301
0.0523639
-1.50483
-1.63975
-1.65807
0.76955
-0.238466
-0.961718
-0.650333
-1.36908
0.395829
-0.754658
-0.617775
0.364684
-0.575966
0.0374047
-0.632806
-0.287895
-0.898691
-1.12842
-1.06218
-0.594701
-0.575558
-1.35599
-0.661782
-1.20075
-0.841299
-0.366675
-1.07726
1.94182
-1.57104
-1.04045
0.516194
-0.895626
0.465672
-1.09564
-0.371479
-2.10475
1.34602
0.738336
0.618263
-2.25433
-0.890226
-0.451573
-0.535677
-1.41156
-1.16486
0.513947
0.992516
0.669316
-1.6046
0.405943
0.832456
-0.534214
-2.74635
-0.738371
-0.372359
-0.562601
0.0221763
-0.00290308
1.44395
0.308766
-0.948595
0.0901359
-0.794158
-0.233713
0.953031
0.680433
0.914163
0.254164
-0.269556
-1.21938
-0.988192
0.626196
-0.588641
0.899482
0.809548
-1.31497
1.24512
-0.80942
-1.41761
0.5018
0.0810932
-0.113014
-3.04638
-1.66241
0.3617
-0.346098
1.28447
-0.460135
0.0427377
0.469573
-0.320931
-0.816514
-0.597511
-0.980557
-0.617608
-0.249815
-2.82884
-1.12928
1.57323
-0.415398
-2.36331
-3.11162
-1.67304
-0.164157
-1.34021
-0.147318
1.01227
-0.0392088
0.13428
-0.0507478
-1.71342
-0.344832
-0.0231821
-1.02044
0.238183
-0.595464
-0.0952799
-0.141239
-0.212697
-1.33097
0.0990582
-1.91429
-2.2053
-1.22676
-1.78763
0.0703887
0.261527
-0.766268
-1.99245
-0.209098
-0.452806
0.253713
-1.61647
-1.80995
-0.703477
0.0209591
-0.887489
-0.706214
-1.71814
0.169734
-1.07811
-1.9203
-0.183008
-1.56435
-0.887642
-1.69133
0.531547
-0.0132637
1.20688
0.13063
0.693889
-1.73108
0.758625
-1.47251
-1.47856
-1.57145
-1.71729
1.0126
-0.475743
-1.12139
-1.01243
-2.46896
-0.881687
-0.155422
-0.701502
0.575369
1.19218
-0.288788
-1.37889
-0.525621
1.02849
-0.774913
-0.724447
-0.1949
-0.0873745
-0.655591
0.335047
-0.450557
-0.373065
-1.1629
-0.0855054
0.715492
-1.64216
-0.64993
-1.85321
0.517476
1.06304
-0.703987
0.273201
-0.359771
-0.655122
0.535158
0.368755
-0.433485
0.511646
-1.69291
-0.363518
0.764544
0.523705
-2.55815
-0.0931273
-1.94112
-2.09447
-1.9967
-0.670887
-0.32097
-0.551981
0.73975
-0.672137
-0.0150746
-1.16248
-1.05139
0.278617
1.0657
-1.09982
0.478288
2.25344
1.45114
-0.0139578
1.13382
0.913634
1.04986
1.85105
-0.263619
-0.166278
0.353768
-0.260701
-0.525153
-0.368497
-0.567042
-1.5346
1.97905
-0.29198
-0.528851
1.01722
-1.0453
1.32273
0.251023
0.327134
0.219721
-0.315319
0.46101
-3.95333
-2.26932
-1.69086
-1.50347
-1.36912
-0.573989
-0.627535
-0.459479
-0.446369
-0.374552
-0.833336
0.723705
-0.294698
-0.386321
-0.26317
0.894198
-2.08961
-0.42632
-2.62388
-2.91549
-3.19979
-0.364708
-1.01315
-0.209277
-0.356518
0.107799
-1.56229
0.21815
-0.703001
0.225834
0.04474
-0.0235985
0.00768816
-2.3141
0.118834
-1.10263
0.068987
-0.627811
-0.208132
-1.97165
-1.78749
-2.03674
-0.697953
-0.110487
0.666888
-0.876022
0.837739
-0.286562
-0.621262
-0.400552
-0.717064
0.801177
-1.20362
-1.57233
0.273709
-1.48931
-0.449476
-0.30546
-0.988351
-1.54352
-2.44435
-0.109645
-1.36151
0.10313
1.52607
0.0584237
-1.29281
-0.442058
-0.216308
-0.271537
-1.82136
-0.041729
-0.319561
-0.0931609
1.09974
-0.921068
-0.229051
-0.11209
-1.02513
-0.576873
-0.989194
-0.974558
1.24683
-0.981755
-0.239455
-0.593121
-0.79274
-0.104922
-0.799245
-0.339001
1.3107
-0.644076
-0.250723
0.232433
-1.07924
0.932583
1.0419
0.717224
-1.66267
-0.64157
-0.881055
-1.47796
0.271693
0.36865
-0.377258
-0.67232
0.330087
-0.242382
-1.88259
-0.507746
-0.6659
0.435733
-1.42627
-1.9241
0.11102
-0.692464
0.44707
-0.0461797
-0.0720636
-1.77871
0.615754
0.615619
-0.783611
0.597242
-0.0952979
1.06008
0.505193
1.18012
-0.0537758
-0.014589
-0.600884
0.2005
-1.59199
0.213146
0.295298
-0.560759
-0.235936
0.638745
-0.636136
-0.875364
0.3394
0.581393
-1.65283
-0.995699
-0.893496
-1.35812
-0.162046
0.00326871
-0.262227
0.25012
-0.116884
-1.15686
0.209563
0.230414
-0.782664
-0.734347
0.825034
0.387836
-0.881716
0.369405
-1.98826
-1.9419
-0.98576
0.892969
-0.978911
-0.236186
0.0716122
0.724876
-1.48267
-0.835746
-2.03343
-0.288081
-0.417851
-0.717508
-2.16371
-0.238083
-0.426253
-0.565439
-0.849091
-2.68129
-1.44725
-1.26139
-0.764691
-0.68362
0.730881
-0.697958
0.448224
-0.73146
-0.838781
-1.46619
-1.28313
-1.99678
-1.13054
0.59676
-0.550745
-0.135146
-0.595181
0.728775
-2.62017
-1.55828
-1.7158
-2.23829
-0.494226
-1.42007
-0.432455
1.14418
0.965928
0.536491
0.593946
0.378493
0.647732
0.364331
-1.75431
0.218562
-0.239152
-0.0769497
-0.277679
-0.857931
-1.93518
-0.665012
-1.2922
-1.62352
0.198358
1.98481
0.0724881
-1.13758
-1.09443
0.0823611
0.88593
-1.18738
-0.958657
-0.0615261
-1.03179
-0.485339
0.14122
0.166229
-1.35315
-2.02413
-1.96902
-1.99246
-0.224593
0.588089
-0.228912
-0.177208
-0.490441
-0.179697
-0.227778
-0.234725
0.480445
-1.36204
-0.0635427
-0.770562
1.06467
-0.455551
-1.29627
0.44314
0.520654
-0.457766
0.7305
-0.77977
-0.358088
-0.0832349
0.683499
-0.383971
0.0607726
-1.32385
-0.208744
-0.324581
1.55023
0.465111
0.946003
-0.687165
-0.282841
-0.258806
-0.222975
-0.243922
-0.663553
-0.387505
-0.263417
0.820565
-1.30275
-0.169783
0.17874
-0.293648
-0.207587
-0.858098
0.0334028
-0.0554561
-0.575814
-1.89936
0.0261596
0.500269
-0.104692
-0.302533
0.371854
0.354805
-0.484858
-0.573715
-0.469858
-1.18058
0.571127
-0.652235
-0.863701
0.771917
0.347682
-1.07527
0.0764617
-0.303148
0.137782
0.558209
-0.350452
0.713764
0.0073119
-0.0576447
-1.62315
0.250397
0.23576
0.275575
0.73138
0.987048
-2.49044
-0.754652
-0.622606
-0.562627
-0.420016
0.120091
0.247728
-0.638466
-0.861772
0.246003
-0.93821
-0.921632
0.977785
-1.26117
-0.0118155
0.308451
-1.68199
-1.9555
-1.35509
-0.453796
-1.75401
-0.166345
-0.852546
0.0630366
0.207862
-0.218142
0.245594
0.528037
0.145258
-0.395738
-0.367999
-0.185121
-0.712059
-0.0136726
-0.374627
0.857893
0.229192
-1.23223
-0.045836
-1.119
-1.20514
-2.24249
-0.62263
-1.45696
-0.976227
-0.292019
-0.548995
1.08608
-1.23918
-0.741585
0.00630743
-0.692009
-0.05488
0.000490426
-1.72383
0.218001
-1.83725
-1.27451
-0.925861
-1.59943
-1.13175
-1.34176
-1.31925
-0.098315
0.419826
0.74593
-0.241762
0.515172
-0.131831
0.188053
-0.918553
-0.934717
-1.71789
-0.251071
-0.860728
-1.87819
-0.283977
-1.23833
-2.01872
-1.07787
-0.359985
-0.634581
-0.0628989
0.0234442
-0.762433
0.191509
0.0226274
-0.523001
0.875146
-1.46091
2.07962
-1.44775
-1.40211
-0.00862661
1.12683
-0.361494
-0.31033
-0.79085
-1.30604
-0.382326
0.11766
1.11642
0.0118936
-0.986121
-1.32975
-0.121307
1.33624
-0.366262
0.510227
-0.702297
0.963465
-0.329165
1.71801
-0.627265
0.342025
-0.157532
0.217691
-1.25888
0.0981535
-1.04906
-0.0631524
0.149665
0.125891
1.05013
1.11075
0.213723
0.694058
0.631742
0.135094
-0.617394
-0.112823
0.0676494
0.469717
-1.81858
-0.961353
1.53633
-1.0579
-1.88979
1.09971
-2.09141
0.833195
-0.384313
-0.161143
-1.2704
0.68739
0.025991
-0.141096
-1.46866
0.532295
0.105424
-1.42026
-0.746445
0.382552
-0.66908
-0.0293357
-0.387913
-0.038571
-0.231105
0.272129
1.12985
-2.82146
-1.22414
-0.241545
-1.28354
-1.50921
1.11577
-0.173983
-1.13242
-1.36805
0.103858
-1.08577
-0.426399
-0.601182
-1.28711
0.475946
0.669554
-0.383854
-0.410995
-0.0185724
-2.27841
-4.41423
-2.38633
0.799105
-0.479494
0.465588
-0.0841697
-1.35222
0.809169
-0.496981
-0.291053
-0.762438
-1.3981
-0.364536
0.466067
0.331096
-0.399717
-0.688746
-1.04055
-0.428349
-1.58423
-0.667837
-1.74416
-0.87174
0.709731
-0.830228
-0.280732
-0.877241
0.68072
-0.0356798
0.0927231
-0.701977
0.182187
-0.722957
-0.55729
1.34907
0.472296
-0.786907
-0.729089
-1.43747
-2.52701
-2.31974
-0.0874951
0.0469429
0.561889
1.72362
0.25962
-1.43208
0.141977
-0.294618
0.203621
0.884672
0.408416
0.370705
-1.33587
-1.8092
-1.56362
-0.151361
-1.35189
-1.08623
-2.08503
-1.23468
-0.105446
-0.516038
1.28066
0.572452
0.947684
0.552255
-0.124495
1.46328
-0.992445
0.0206568
0.176396
0.415931
1.11414
-1.89029
-0.208637
0.215309
-0.0733182
-1.30411
-0.338685
-0.683178
1.45718
-0.72326
0.527678
-0.393422
-1.25689
0.161567
1.08089
0.386932
-0.39714
0.471133
1.20619
-0.308945
-1.85346
-1.36788
0.425443
0.893379
0.803324
-1.10001
0.59295
-0.29506
-0.00128516
0.593737
1.35642
-0.907233
-0.942722
0.0901288
0.980826
0.216727
0.177655
-0.383016
-0.0436547
0.549036
-0.807028
-0.30991
-0.598372
0.682709
1.45692
-1.24748
0.131427
1.96156
-0.364479
0.91251
0.753187
0.6462
0.441226
-0.325826
-0.519892
-0.719833
-0.22717
-0.362268
-0.121064
0.0958681
0.399845
1.2339
-0.296954
0.0795721
0.754325
-1.23084
-0.0705534
-1.15952
-1.06574
-0.631553
-1.87077
0.454002
1.43856
-0.0842138
0.529046
1.06833
0.325433
-0.84692
0.818288
0.811183
0.51915
0.443528
0.0643306
-0.682035
1.01439
-1.43395
-1.79784
-2.3245
0.0828245
-0.293624
-0.179789
-1.99647
-0.2961
-0.289299
-0.253774
-0.10231
-0.20771
0.470203
0.333112
-0.227924
0.167212
0.209397
0.358516
0.00808852
0.105327
-0.276657
-0.549002
-1.52207
-1.2697
-0.454727
0.752268
-0.92537
-0.476276
0.329731
0.583751
0.0229122
-1.05447
-1.05292
-0.538319
-0.834764
0.146493
0.961404
-0.626498
-0.4778
0.0911902
-2.54221
-0.503573
-0.928409
-0.955259
-0.295594
1.33116
0.104406
0.349804
1.46139
0.443355
-0.620514
1.95055
0.577579
-0.801646
-0.442952
1.45199
-0.253707
0.962388
0.575548
-1.29154
-0.0965088
-1.31303
-1.13366
0.0500078
-0.725675
0.137552
1.07935
0.272615
-0.471872
0.465467
0.119132
-1.08113
-0.357902
-0.310795
0.074481
0.993526
1.09693
0.354258
-0.0218402
-1.77593
0.731649
-0.813012
-1.41919
-0.394626
-0.0219218
0.917329
1.63271
-0.0843476
-0.919824
0.429548
0.515642
1.24554
1.30696
0.0135511
0.630905
-1.73032
0.999315
-0.455447
-1.80128
-0.647504
-0.855422
-1.39705
-0.471906
1.38263
1.10805
0.159275
0.594972
-0.251554
0.0958095
1.07027
-1.18587
0.2588
0.542772
0.888412
-0.321397
0.0572326
0.921523
0.789505
-0.449501
-0.469533
-1.18618
-0.136418
-0.461145
-0.281856
-0.340729
-0.539841
-0.264059
-0.624793
0.64307
-0.0595566
-0.730452
0.351894
-1.31493
0.630101
0.441665
0.265207
0.0436093
1.48993
-1.05131
0.338782
0.11255
-0.415278
-1.27048
-2.07247
-0.388989
0.173363
2.01094
1.16436
0.657204
0.360044
0.484146
0.309227
-0.166625
1.50152
1.40782
-0.0906141
1.24515
0.631199
1.7
0.319168
0.163508
-1.36327
-1.53994
-2.21447
-0.445984
-0.982331
1.0702
0.988346
2.75372
1.09514
0.535865
0.68246
2.08222
-0.258756
1.7637
1.35849
-0.829794
0.20482
0.0315931
-0.61677
-1.1958
-1.6685
-1.46571
-1.13645
-0.978874
0.889884
-1.35437
0.264409
1.05853
-0.680229
-0.149553
0.359807
0.787543
1.04174
0.435372
1.16573
-0.171483
-0.0340574
0.733325
-0.780099
0.188885
-0.734047
-0.580858
-0.332538
-1.96158
-1.66275
1.1618
0.516748
1.0637
-0.713441
0.930137
0.985145
-0.289449
-0.100156
2.30638
1.96108
0.770265
-0.150039
0.157373
-0.907976
-1.16509
-0.537766
-1.34426
-0.257929
-0.577538
0.225081
0.400309
0.826987
-1.24384
-0.120191
-0.405966
1.12393
-0.104239
0.3036
0.851335
-1.90639
-0.0253911
-0.424817
0.111871
-0.678823
0.0673698
-0.644274
-1.33748
-0.177605
1.11205
-0.136222
1.06554
-1.19202
-0.296728
-0.425144
-0.532236
-0.979138
0.714706
0.652842
1.36746
0.569783
-0.101479
0.811506
-0.555365
-0.516333
-0.06985
-0.673726
-0.567652
-0.937721
-0.209679
1.21309
0.52092
0.8716
0.129656
0.0683654
-0.171848
0.351525
0.942749
-0.160098
-0.52271
-0.317371
0.602917
0.81437
-1.08822
-0.319663
0.399835
-0.0594512
-0.957114
0.226959
0.41067
-1.45246
0.510459
0.250462
0.0259812
-0.27783
-0.53407
1.42676
-0.312014
-0.343139
-0.224763
0.593784
-0.0308652
0.421884
-0.00412059
0.663593
-1.37557
1.17066
-1.10201
0.347611
-0.832509
0.317818
-0.0831556
1.10308
0.301814
0.588067
0.523559
-0.219791
0.299545
1.99906
0.356624
0.3923
1.69912
1.19233
0.48119
-0.0879334
1.22643
-1.44102
-0.834683
-0.0314946
1.66953
-0.331452
1.90554
0.0254544
1.02931
0.221665
0.0589281
-0.149758
0.450099
0.721323
0.0499311
0.77498
-0.091311
0.762342
-0.186962
0.163425
0.215051
-0.150199
0.164161
0.696982
1.76138
1.79006
-0.423457
0.686738
1.91964
0.6727
0.306985
1.13191
-0.179703
1.78802
0.65384
1.08363
1.21934
-0.920016
0.331986
-0.699051
-1.26711
-0.43376
-0.164995
-0.0701625
0.142381
0.261562
0.171931
-0.19492
0.612527
0.681372
-0.321035
0.0806646
1.15675
0.126769
0.0055782
-0.179241
-0.18964
-1.73252
0.846355
0.449287
0.388694
-2.69855
-0.401054
0.769996
-0.845223
0.242077
0.215494
2.25292
1.34761
0.976286
0.377276
0.0424176
0.124602
0.0645047
0.348933
1.05001
0.501106
-1.52584
0.0042616
0.893577
-0.209301
0.98457
-0.994911
-1.93382
0.731403
-1.41026
0.237907
-0.402931
0.270584
0.281563
-0.544027
-0.963266
-0.0242362
0.307076
-0.715785
-1.16615
1.06726
1.04405
-2.16224
0.702441
0.381844
-1.06944
-0.447077
0.870815
1.78853
0.291584
0.171817
0.371859
1.01966
-0.17035
-0.0645418
0.453683
0.693015
1.11793
2.4245
-1.19693
-0.5803
0.289843
-0.0258191
-0.52991
0.874631
-0.223787
-1.27336
-0.0184588
0.410635
0.998451
-0.599741
0.285225
0.144237
-0.907728
-0.888849
1.53446
-0.767221
0.146346
0.188851
-0.164252
0.525014
-0.271391
0.541254
0.0575558
0.183757
0.907269
-2.50798
-0.14046
0.321028
0.146146
2.49526
0.514737
0.717916
2.33297
1.42464
0.773746
1.1842
1.38534
1.87792
2.34801
3.23106
1.85575
0.806925
1.54057
-0.0375462
-1.66387
-1.20062
0.108329
1.8444
0.814579
1.29369
1.13015
0.994505
-0.280734
1.5961
1.35142
2.18207
0.334375
1.21987
3.09935
1.09178
1.87604
1.3945
0.855954
0.987325
-1.18903
0.812266
0.715058
0.644956
-0.47864
0.626363
0.42584
0.889342
0.587387
1.75977
0.763595
1.39314
2.4637
0.581636
2.24659
1.14612
0.342737
1.34933
1.02903
-0.330091
-0.40413
-0.554803
1.56057
0.172185
-0.219062
0.721691
0.00390749
1.01697
2.24527
1.0661
1.30975
1.15275
0.247565
1.18769
0.412263
2.26285
0.833724
-0.0142196
0.529228
-0.328914
-0.525316
-0.289825
0.1551
0.367391
0.512809
0.476184
0.744382
0.661661
0.293251
0.726447
0.0790584
1.49963
0.935815
0.278267
1.38706
-0.0386321
0.702389
-0.508522
0.457844
1.8406
0.255933
0.731191
1.12201
1.5665
-0.704856
0.199448
1.00418
0.959128
0.225692
0.562478
1.10332
-0.605975
0.936514
0.0790832
-0.435378
0.0112886
0.397887
2.05991
-0.518602
0.48727
-0.85622
-0.933204
1.20171
0.217131
-0.0434793
0.46448
0.712202
1.44359
0.475689
1.41519
0.712338
-0.527828
1.55648
0.0932115
0.0363075
0.914104
0.0621274
1.2372
0.898103
0.740589
-0.306624
0.640368
-0.263666
-0.439157
1.18795
0.0975739
-1.57596
1.39181
0.122462
0.819355
0.803748
-0.526164
-0.108784
-0.907648
-0.776363
2.7108
-1.10041
0.403705
-0.99662
1.35114
0.0905332
-0.345073
0.841803
1.5471
1.17331
2.662
1.89404
1.85969
2.20934
2.61683
1.69738
2.53602
1.42495
1.47883
2.3516
2.48351
0.988223
0.938698
1.38656
3.24581
0.795263
-0.594768
-0.0426459
2.66239
0.0794389
2.18609
-0.0266827
2.52518
0.223306
2.18508
-0.190888
0.215877
2.50485
0.0530251
1.45808
0.035399
0.824077
0.637489
1.27517
0.275871
1.26479
0.909104
1.3859
0.339298
0.938902
0.996229
1.22488
1.98675
0.617961
2.58998
1.1044
2.15745
2.53132
2.71447
2.7146
1.25723
2.14606
0.00751196
0.244697
1.40254
-1.57969
-0.440046
-0.676773
0.598947
-0.236613
1.67968
0.372039
0.424496
0.463522
0.636619
0.813373
2.12733
0.914123
0.745299
0.828604
2.16381
1.56217
0.260746
1.22552
0.254317
0.529279
-0.42823
-0.411174
0.396963
1.26583
2.3657
2.21002
2.18603
1.54266
0.880212
1.98358
0.496343
0.72386
1.30841
1.5995
1.41927
0.294348
0.638103
0.517287
0.244857
0.988675
0.257912
-0.0821087
0.353232
0.206608
-0.328302
0.992067
0.877586
1.98993
0.0775024
1.78045
-0.410635
0.869164
-0.784777
1.13691
0.172266
0.906226
-1.27941
-0.0828578
-0.874406
0.459274
0.227888
0.831974
0.409451
1.103
1.02629
0.341448
1.51774
1.32902
0.436067
0.219567
-0.336893
1.91545
2.07809
0.731906
0.473183
1.14786
0.0271949
-0.702301
2.22179
0.741637
0.956251
-1.1587
0.570427
0.11145
-0.17078
0.739466
-0.178632
1.494
0.430824
0.795125
-0.0632358
-1.52668
0.265868
-0.903702
-0.507112
0.848858
-1.78547
-0.237173
-1.14768
1.01029
0.241494
0.145165
2.65118
1.48077
1.96173
3.69814
3.33692
3.31182
2.61006
2.32894
3.84943
2.72438
3.04585
2.71091
2.22674
2.05682
0.711266
0.198561
1.48034
0.877278
0.587593
1.35289
0.552652
2.30724
0.623831
3.03273
2.2768
3.08119
1.48863
1.91446
2.25909
1.40153
3.11025
1.45213
3.00675
1.07201
0.641659
0.972769
1.40793
-1.66475
0.62694
0.906602
1.31667
1.22345
1.13696
1.57707
1.09142
0.551064
0.604811
3.11281
2.19299
1.26087
0.800839
1.3799
3.01805
1.87704
0.445154
1.79331
0.617452
-1.59868
-0.658885
2.17414
1.26995
1.28862
0.772112
1.55304
2.05498
1.13816
1.5999
2.28889
2.67568
2.19814
1.1539
1.64858
2.85325
1.65803
1.12514
1.34704
0.344114
-0.270261
0.812747
0.984802
0.199352
0.418796
2.12368
1.13437
0.0392245
0.822921
-0.07266
3.09538
2.25327
0.0233412
-0.294765
0.701522
0.157941
1.79474
0.959333
1.51293
0.804518
-0.681058
0.655711
0.27716
-0.34893
1.35518
0.201784
0.878211
1.24402
0.71414
0.596631
0.281713
0.719451
1.44934
-0.832899
0.362132
1.78049
0.827005
0.868353
0.369814
0.760361
-0.0106987
-1.14556
-0.336974
0.00329205
0.200739
1.29245
2.00278
1.45989
0.841191
1.4294
0.263308
1.53637
-1.30528
-0.0985383
1.07044
0.912772
-0.175587
0.100238
-0.937225
0.345747
0.0993073
1.4322
-0.34806
1.27931
1.47568
-0.0357363
-0.0864471
1.81104
-0.232877
0.247904
0.782892
-0.379389
-0.489764
1.04531
0.253074
0.447184
1.35573
0.353053
0.770192
-0.0169608
-0.383761
)
;

boundaryField
{
    hotSide
    {
        type            calculated;
        value           nonuniform List<scalar> 
400
(
-3.52838
-2.53538
-2.9237
-4.61271
-2.78638
-2.96272
-2.09099
-4.38986
-4.27627
-3.62297
-4.56022
-2.62823
-3.16624
-3.53583
-1.91512
-2.06999
-1.94807
-3.40321
-1.29208
-0.759886
-2.30733
-1.1096
0.500231
-2.42303
-1.63169
-3.5671
-3.05664
-2.26311
-3.10394
-2.22965
-2.86744
-2.5737
-1.42288
-1.93149
-1.81488
-2.86603
-0.492969
-1.03066
-0.100594
-0.851987
-0.427683
-1.43959
-0.887927
0.255511
-0.391578
-1.26961
-0.662029
-1.7917
-0.146012
-0.195715
-2.27985
-1.6091
-1.28301
-0.941696
-1.37408
-1.17649
-1.66757
-0.564133
0.609294
1.65822
0.70561
0.0804616
1.09023
-0.900772
-0.860087
-0.928637
-1.22755
-1.56558
-2.32834
-0.893447
-2.08314
0.278216
-1.21516
-1.97649
-2.60674
-0.608166
-0.511804
-0.734075
0.239993
0.491861
-0.266104
0.382539
0.471474
-0.411143
0.590731
-0.587097
-1.14758
-1.25584
-0.775359
0.747132
-1.93959
-1.58524
-1.06486
-2.19517
-0.275615
1.23515
-0.907587
1.61972
1.73291
0.976645
0.664153
1.55874
0.0638026
1.11122
-1.32058
0.307309
-1.02822
-0.439906
-1.23779
-0.987931
-1.13573
-0.834569
-0.517548
0.436329
0.714813
0.393866
0.283409
-0.35652
0.968788
2.7165
1.31631
1.83449
0.876242
-0.287812
0.823786
-0.0317344
0.106635
-1.16831
-0.849946
-0.476473
-1.18146
-0.519698
-0.38353
-0.847685
-0.802801
-0.108671
-0.513722
-0.149643
0.937753
2.35824
1.73073
-0.435811
1.52135
0.739689
-0.377986
-0.412549
0.0471398
-1.94317
-0.172373
-0.042551
-1.00699
0.139351
-1.26453
-1.80146
-0.185382
-0.402112
-0.224152
1.46837
1.29004
2.33549
1.18804
0.906788
0.831531
0.227173
0.918729
-0.195662
-1.02909
-1.12658
-1.16111
-0.827978
-0.9893
-2.06408
-1.48415
-2.03381
0.35684
-0.275406
-0.286341
0.562104
1.69936
1.63537
0.730919
0.886807
0.924004
0.832265
-0.40388
1.5161
-0.619249
-2.4229
-1.84318
-1.32091
-0.915095
-1.41501
-0.374459
-0.560197
-0.384545
-0.448978
-1.0285
-0.0877332
0.780856
1.35509
0.279894
0.0539403
0.753268
-1.22575
-0.383905
-1.15244
0.565004
0.10433
-1.31818
-1.10191
-1.37388
-2.61269
-1.55867
-1.74982
-1.5569
-0.924829
-0.509165
0.322718
1.6195
2.87557
1.30592
2.86214
0.71219
0.239381
-0.622348
-0.893954
-1.66553
0.103498
-0.687393
-1.4876
0.180773
-0.869489
-1.54401
-1.09216
0.106794
0.741968
1.18916
0.522802
0.507477
1.74969
2.35662
1.48509
0.870373
1.07723
-0.194992
-0.658681
-0.914178
-1.55346
-0.343134
-1.12973
-0.842211
-1.00338
0.351723
-1.27023
0.096756
0.645661
-0.455594
1.01332
0.559519
2.06952
1.61502
0.807798
0.0445514
0.912353
0.780615
1.18297
0.0253388
-0.119164
-1.42995
-0.769026
-0.940248
-1.30882
-1.89242
-1.96082
-0.199437
-0.856489
-0.423235
1.48045
1.42966
1.73224
1.06692
1.18364
-0.154796
-0.494924
-0.0570102
-0.625751
0.783711
-0.00816542
-1.07717
-3.35663
-0.824907
-2.76209
-0.649454
-0.203496
-0.280215
0.474656
0.879456
2.3598
1.55827
1.24511
0.385665
0.738247
-0.651754
1.25618
1.35187
-1.49384
0.43222
-0.98799
-1.55933
-1.66662
0.323735
-0.844409
-0.336397
-0.016405
-0.665287
-0.144585
0.367894
0.980214
0.0591326
1.07173
-0.0294981
0.649721
-0.188055
-0.227811
-0.344023
-0.244673
-1.1116
-1.01
-0.806931
1.02589
-2.66928
-1.04101
-2.33453
-1.07681
-1.418
0.918474
-0.348433
-0.0732966
0.00537673
-0.277639
-0.760656
-0.210906
0.874087
-0.919293
0.0816377
-0.835488
-0.959332
-1.89868
-1.54144
-0.972813
-1.01531
-1.18878
-2.6159
-1.11115
0.271856
-0.468338
-0.92299
0.655405
0.448759
-0.794403
-0.656905
-1.59654
-0.860132
-0.978286
-1.84784
-2.18726
-1.96584
-0.567154
-3.07621
-2.93055
-3.222
-1.48089
-2.02332
-0.725917
-2.18308
-0.630046
0.385847
-0.927745
2.30342
0.483186
-2.06957
-1.16428
-2.6116
-2.0198
-2.4368
-1.79344
-2.36278
-0.673696
-1.57829
-3.68822
-3.52238
-3.32126
-1.1296
-2.99278
-2.55345
-2.16278
-2.28708
-2.5591
-0.151739
-0.124102
)
;
    }
    coldSide
    {
        type            calculated;
        value           nonuniform List<scalar> 
400
(
-0.00382882
0.00219071
0.00608248
0.00151698
-0.00926633
0.00529144
-0.000992528
-0.00505484
-0.0066787
0.0155655
0.00285365
0.00480229
0.00700607
0.0164948
-0.0038784
-0.00804915
-0.0107086
0.00538444
0.00804076
0.0120431
-0.00427834
0.00295517
-0.00802205
0.00120016
0.00999693
-0.00682207
-0.00339016
-0.000862972
-0.00196578
-0.00221727
0.00488863
-0.00548528
-0.00323227
-0.00306549
-0.00237071
0.00190802
-0.000155785
-0.00221781
-0.00974443
-0.00292754
-0.00198076
0.0131216
0.00162884
0.00206001
-0.00445193
0.00564559
0.000276101
-0.0129788
0.00801384
-0.00139872
-0.0138995
-0.00726355
-0.00135558
0.00767302
-0.0028658
0.00345288
0.00345257
-0.00369357
0.00479626
0.0107574
-0.000880325
-0.0011709
-0.0016627
0.0185026
-0.0058717
0.0122076
0.00846365
0.00904513
0.00572149
0.00297447
-0.00837354
0.00649076
-0.0106836
0.00633323
-0.00454018
-0.0122146
0.00839566
0.00998918
0.000936608
0.0124087
-0.00171254
-0.00529485
0.0061556
-0.000571379
0.000419077
-0.00584457
-0.0110954
0.00967984
0.00768698
-0.00219275
-0.0075141
0.00292326
0.00577994
0.00543354
-0.00222107
0.00429203
-0.00504394
0.000819935
-0.00143674
-0.000301135
-0.000574637
-0.00207704
0.00191647
0.00266397
-0.00159968
-0.000273059
0.017989
-0.00238476
0.00213688
-0.0044166
-0.0114212
-0.0090427
0.000218065
0.00370987
-0.00525457
0.00210565
0.00239796
-0.0132533
0.00621774
-0.000727577
-0.00402281
0.00631134
0.00772652
-0.000192449
0.0117037
0.0155949
0.00160595
0.0045048
-0.00226722
-0.00309925
-0.00136316
0.000642497
-0.00118702
-0.00274047
0.0054072
0.000217929
0.00121235
0.0117035
-0.00150277
0.0152289
-0.00219636
0.0145274
0.00289463
-0.00349284
0.000828352
-0.00309433
0.00340882
0.00494241
-0.0102545
-0.00476886
2.70078e-05
-0.00254974
-0.0123508
-0.00437242
-0.000501364
-0.0023369
-0.00763389
0.00102922
0.0125628
-0.00195895
0.00697647
0.0160113
0.00208685
0.00162308
-0.00588905
-0.00296113
0.00961786
0.00354071
-0.00831042
-0.0129053
-0.00220562
0.00115815
0.00447569
-0.00605378
-0.00614309
-0.00449169
-0.00747513
0.00688957
0.00362229
0.00208406
0.00228912
-0.00147408
-0.000271799
0.00293325
0.00468365
0.00115006
-0.0162427
0.000144113
0.00526538
0.0166418
0.00210284
0.00469363
0.000886033
-0.00191086
0.00295862
0.0119974
0.0129031
0.00675832
0.00668579
0.00658291
0.00183791
-0.0185662
-0.00761985
-0.00474148
0.00589322
0.0110454
-0.00709481
0.00497365
-0.0049505
-0.0024558
-0.000983387
-0.00294754
-0.0119438
-0.00304692
-0.0110581
-0.00262436
-0.00645233
-0.00442524
-0.00053238
-0.003191
0.0101244
0.0062984
-0.0103216
0.00317652
0.00404806
-0.00338348
0.00813174
-0.00514087
0.00756351
-0.00444771
-0.0097288
0.00600172
-0.00627755
-0.00101858
0.00529814
-0.0028861
0.00123009
-0.000915386
-0.0128389
-0.00411917
0.00157735
-0.0129086
0.0128922
0.00473566
0.000303957
0.0017547
-0.0116722
0.00195889
0.00680723
0.00855358
0.00176179
6.0996e-05
0.00321647
0.000805658
0.00371354
-0.00189064
0.00158752
-0.00763323
0.00223514
0.00878967
0.00824833
0.000150992
-5.11422e-05
0.00121716
0.00579184
0.00663219
0.0110243
-0.0114391
-0.0110583
-0.00879068
0.00193713
-0.000485238
-0.00562696
0.00336187
0.00222965
0.00499272
-0.00138181
-0.00652922
-0.00760006
0.00212754
0.00367084
0.00317341
-0.00595573
0.0025652
0.00295496
-0.00266342
-0.00213786
-4.8332e-05
0.0104701
0.0111227
-0.00658209
-0.01365
-0.000247191
0.0103757
0.00036619
-0.000260104
0.0044144
0.0227952
-0.00426504
0.00375986
0.00888317
-0.00326357
-0.00299774
0.00621291
0.00115204
-0.00184577
0.00619547
-0.00184372
-0.00680706
0.00211046
-0.00617577
0.00210517
-0.00326256
-0.00249767
0.0125287
0.00354718
-0.00228277
-0.00925418
0.00713765
0.0114
0.00284626
0.00210947
-0.00529178
0.00667621
0.00257035
-0.0132755
0.00577543
-0.00384274
-0.0119215
0.0027505
0.00693745
0.00198209
-0.000324845
0.000668634
-0.00884124
-3.51962e-05
0.00455098
0.00339427
-0.0150151
0.00296829
-0.00314607
-0.00725422
-0.00147939
-0.00459698
-0.000627628
0.00155395
0.00738074
-0.0071532
0.00421933
0.00184724
0.00326095
0.00231691
-0.00194391
0.0063428
0.00284838
0.00557978
0.000483438
-0.00838141
-0.00199505
0.00647612
0.00575618
-0.0038224
0.00427321
0.0091682
0.003889
-0.0111831
0.00302761
0.00447809
0.000681504
-0.00265203
-0.00741502
0.00614989
0.00228792
-0.010351
0.000945945
-0.011568
0.00154469
0.0113615
-0.00965169
-0.000143241
-0.00430876
-0.00214849
-0.00489118
-0.00120958
0.00403635
0.00494389
0.00423107
0.0038302
-0.000950788
0.00387631
0.00310597
0.00829987
0.00950075
-0.000593799
-0.00349269
0.00984382
0.00762889
0.000760737
0.00849517
-0.00322776
)
;
    }
    adiabaticPlanes
    {
        type            calculated;
        value           nonuniform List<scalar> 
640
(
-3.09119
-0.501648
-2.06476
-1.61499
-1.06283
0.127531
-0.289716
-0.455265
-2.09502
-3.9444
-2.56183
-2.11998
-1.10273
-0.357837
-0.43715
0.260557
-2.47702
-2.38318
-3.07386
-2.00577
-1.1637
-1.81132
0.417988
0.723354
-4.15657
-1.74335
-1.40331
-1.2255
-1.91522
-1.24611
0.0464991
0.18044
-2.31769
-1.64774
-0.702993
-1.40745
-1.49219
-0.834535
-1.91536
-1.10187
-2.4784
-2.06063
-1.64704
-1.18886
-1.09366
-2.14117
-0.252253
0.629288
-1.58802
-2.16574
-1.12201
-1.35573
-1.59278
-1.82877
-0.759902
-0.11798
-3.86527
-2.6701
-0.791923
-0.388754
-1.0876
-2.09025
0.192461
-0.601055
-3.72712
-2.63592
-2.63621
-0.454119
-1.65807
-0.661782
-0.535677
-0.794158
-3.04638
-1.67304
-2.2053
-0.183008
-0.881687
-1.64216
-2.09447
1.85105
-3.95333
-3.19979
-1.78749
-2.44435
-0.989194
-0.881055
0.615754
0.3394
-1.98826
-1.44725
-1.7158
-1.2922
-0.224593
-0.358088
-1.30275
0.571127
-2.49044
-1.75401
-1.20514
-1.13175
-0.359985
0.11766
-0.0631524
0.833195
-2.82146
-4.41423
-0.667837
-2.31974
-1.23468
-0.683178
-0.29506
1.96156
-1.15952
-2.3245
-1.52207
-0.928409
-1.13366
-1.41919
-0.471906
-0.461145
-1.27048
-1.53994
-1.46571
-0.580858
-1.34426
-1.33748
-0.567652
-0.957114
-1.10201
-0.834683
0.164161
-0.164995
-0.401054
-0.994911
-0.447077
-1.27336
-2.50798
-1.20062
0.812266
-0.554803
-0.289825
0.731191
-0.933204
0.640368
-0.345073
-0.594768
0.909104
-0.440046
-0.42823
0.257912
0.227888
0.956251
0.241494
0.587593
0.62694
-0.658885
0.812747
0.655711
-1.14556
1.4322
0.241494
0.587593
0.62694
-0.658885
0.812747
0.655711
-1.14556
1.4322
0.145165
1.35289
0.906602
2.17414
0.984802
0.27716
-0.336974
-0.34806
2.65118
0.552652
1.31667
1.26995
0.199352
-0.34893
0.00329205
1.27931
1.48077
2.30724
1.22345
1.28862
0.418796
1.35518
0.200739
1.47568
1.96173
0.623831
1.13696
0.772112
2.12368
0.201784
1.29245
-0.0357363
3.69814
3.03273
1.57707
1.55304
1.13437
0.878211
2.00278
-0.0864471
3.33692
2.2768
1.09142
2.05498
0.0392245
1.24402
1.45989
1.81104
3.31182
3.08119
0.551064
1.13816
0.822921
0.71414
0.841191
-0.232877
2.61006
1.48863
0.604811
1.5999
-0.07266
0.596631
1.4294
0.247904
2.32894
1.91446
3.11281
2.28889
3.09538
0.281713
0.263308
0.782892
3.84943
2.25909
2.19299
2.67568
2.25327
0.719451
1.53637
-0.379389
2.72438
1.40153
1.26087
2.19814
0.0233412
1.44934
-1.30528
-0.489764
3.04585
3.11025
0.800839
1.1539
-0.294765
-0.832899
-0.0985383
1.04531
2.71091
1.45213
1.3799
1.64858
0.701522
0.362132
1.07044
0.253074
2.22674
3.00675
3.01805
2.85325
0.157941
1.78049
0.912772
0.447184
2.05682
1.07201
1.87704
1.65803
1.79474
0.827005
-0.175587
1.35573
0.711266
0.641659
0.445154
1.12514
0.959333
0.868353
0.100238
0.353053
0.198561
0.972769
1.79331
1.34704
1.51293
0.369814
-0.937225
0.770192
1.48034
1.40793
0.617452
0.344114
0.804518
0.760361
0.345747
-0.0169608
0.877278
-1.66475
-1.59868
-0.270261
-0.681058
-0.0106987
0.0993073
-0.383761
-3.09119
-0.501648
-2.06476
-1.61499
-1.06283
0.127531
-0.289716
-0.455265
-1.88315
-1.51503
-0.905074
-0.328409
-1.82268
-0.805504
0.554132
-0.50872
-0.0175931
-1.68332
0.188796
-0.837501
0.155027
-0.399984
0.513602
-0.235499
1.10078
0.548087
-0.21127
0.246842
1.8494
-0.500222
-0.0121123
-0.104638
0.113719
0.948576
-0.923121
1.11087
-0.834537
1.10246
0.897752
-0.203601
1.02885
0.985762
1.4407
0.64941
0.202316
0.730017
0.517158
-0.0682845
1.66698
0.115652
2.26241
1.03243
-0.431444
-0.413247
0.0215019
-0.478329
2.06948
3.07746
0.78064
0.823787
1.5707
-0.288752
-0.951058
-0.261133
1.51807
1.42588
2.24082
0.615491
-0.240598
0.158001
2.20559
0.82967
1.05633
1.17607
1.90024
0.492205
0.92552
0.585882
0.497385
0.272266
0.605306
0.685926
0.669253
-1.22465
2.86712
-0.593065
-0.174751
0.21861
1.63595
1.05248
1.94837
0.0771283
-0.223806
0.857307
-0.18896
1.20401
2.69537
1.55875
3.32223
1.72464
0.650595
-1.25211
1.59829
0.187624
1.96568
2.68946
1.09529
1.12808
0.676019
-0.185336
0.834809
0.980914
1.43163
0.191043
0.47226
-0.0102637
0.591739
1.63706
-0.177038
0.436574
0.765489
1.70359
1.11464
1.00954
1.85269
0.602663
0.201567
1.05641
0.365669
-0.078001
1.32548
0.438901
0.810604
-0.278494
0.324345
0.338515
-0.350566
1.03547
0.103818
-0.700879
1.40451
0.490859
1.41767
-0.374074
-0.232727
-1.14282
0.348849
0.589617
-1.66103
-0.165547
0.926989
0.684551
-1.63238
0.164149
-0.55915
-0.774534
-0.115653
-0.488444
-0.440144
-0.512338
-1.63238
0.164149
-0.55915
-0.774534
-0.115653
-0.488444
-0.440144
-0.512338
-0.723926
-2.43752
-1.58684
-2.37948
0.335498
0.864985
-1.08717
-0.255446
-2.16492
-0.96078
-2.24421
-1.59883
0.187505
-1.25463
-0.392655
-0.581597
-1.56367
-0.43565
-1.00819
-1.30776
0.227106
-1.09037
-0.929919
-0.143793
-1.96811
-0.624239
-1.65033
-1.83798
-1.97107
-1.07075
0.0899921
0.480036
-1.30913
-0.138849
-2.44989
-0.183056
-2.15024
-1.10329
0.152389
0.587958
-1.85982
-1.69997
-0.644625
-0.993822
-0.48801
-1.0478
-0.23979
0.503193
-0.149105
-1.55583
-2.42271
-1.47772
-1.05866
0.127162
0.669095
0.455524
-1.02914
-2.34182
-1.25058
-1.63975
-1.35599
-0.451573
0.0901359
-0.113014
-3.11162
-1.91429
-1.9203
-2.46896
0.715492
-1.94112
1.04986
0.46101
-2.91549
-1.97165
-1.54352
-0.576873
-0.64157
-1.77871
-0.875364
0.369405
-2.68129
-1.55828
-0.665012
-1.99246
-0.77977
0.820565
-1.18058
0.987048
-0.453796
-1.119
-1.59943
-1.07787
-0.382326
-1.04906
-2.09141
1.12985
-2.27841
-1.58423
-2.52701
-2.08503
-0.338685
0.59295
0.131427
-0.0705534
-1.79784
-0.549002
-0.503573
-1.31303
-0.813012
-1.39705
-0.136418
-0.415278
-1.36327
-1.6685
-0.734047
-0.537766
-0.644274
-0.673726
-0.0594512
1.17066
-1.44102
-0.150199
-0.43376
-2.69855
0.98457
-1.06944
-0.223787
0.907269
-1.66387
-1.18903
-0.40413
-0.525316
0.255933
-0.85622
-0.306624
0.0905332
0.795263
1.26479
-1.57969
0.529279
0.988675
0.459274
0.741637
1.01029
0.877278
-1.66475
-1.59868
-0.270261
-0.681058
-0.0106987
0.0993073
-0.383761
)
;
    }
}

